step train_perp valid_perp test_perp test_recall total_loss e_loss rec_loss
0 1004.66259006 1005.8766441 1004.82550743 0.06333333333333331 493.474123001 2.31827082515 491.155853195
1000 773.701250531 777.569519657 779.481287206 0.6333333333333333 475.658216248 3.6922941339 471.965923843
2000 680.986535918 690.548042518 684.935264019 0.6899999999999997 469.602305908 6.04420073867 463.558105392
3000 647.15932667 661.891302438 651.324236271 0.6966666666666664 467.080571442 6.89939037085 460.18117897
4000 644.518937735 646.916448327 644.07810012 0.6833333333333331 465.276422882 5.13950699449 460.136917419
5000 625.742220798 628.814830077 626.113574713 0.6966666666666665 464.534953156 5.90767641902 458.627276382
6000 616.890688396 618.124295583 614.385284216 0.7099999999999999 464.486205368 6.74750334144 457.738700104
7000 592.009239068 596.962122878 595.805816112 0.693333333333333 462.101918488 7.2358297956 454.866090622
8000 585.477016856 591.58576359 595.211122576 0.7033333333333331 460.735228958 6.6812740767 454.05395607
9000 589.221541993 600.488875655 592.590744381 0.7166666666666663 460.395333862 5.90044722676 454.494888
10000 570.50976521 577.073886751 570.718719808 0.7099999999999997 461.297219086 8.52935562491 452.767863464
11000 569.530525822 576.59514728 568.719814532 0.71 459.103850708 6.58857901692 452.515272598
12000 557.944099284 567.00909322 562.005672475 0.7166666666666667 459.351910782 8.08132842183 451.270581436
13000 554.848179592 565.093999993 560.139252296 0.7399999999999999 458.948047028 8.08238547921 450.865662994
14000 555.172270706 569.535000544 562.868956463 0.7133333333333334 457.605082321 6.80896485925 450.796117783
15000 552.127410094 563.181956635 557.916064041 0.7466666666666666 457.734203491 7.37867390633 450.355529633
16000 553.374023428 567.440817481 562.145734201 0.7199999999999999 458.164050598 7.05319134951 451.110857239
17000 547.033385446 564.120369807 555.417920282 0.7099999999999997 457.512249603 7.42138481379 450.090864563
18000 547.858345791 561.987759108 553.780974424 0.7233333333333332 456.772386627 6.72793334961 450.044453049
19000 555.868418342 573.706453109 566.704727175 0.7033333333333331 458.322045441 6.65453995585 451.667504425
20000 538.372107775 554.514481377 554.109037736 0.6999999999999998 456.485326233 7.52991728306 448.955408401
21000 535.827963838 555.581414275 549.996459023 0.7600000000000001 455.961136856 7.46623381615 448.494904633
22000 532.716026567 546.611054849 541.597569934 0.7233333333333332 456.070389481 7.75024617672 448.320143585
23000 539.20635291 551.994393674 547.205836028 0.7466666666666666 455.981772003 7.10549890757 448.876271896
24000 530.952156728 544.933306829 543.130705583 0.7366666666666666 456.085628204 7.98881071091 448.09681778
25000 541.264704216 557.860945437 553.056908074 0.7066666666666666 456.165636215 6.66167021394 449.503966675
26000 530.863988768 551.048468228 548.401958635 0.7299999999999999 455.203175659 7.60295872808 447.600216446
27000 525.525088958 541.461002614 535.446202459 0.7699999999999999 455.70131218 8.51725595236 447.184055023
28000 523.637236962 535.556759886 533.63039426 0.7566666666666663 455.136755676 8.03620317101 447.100554352
29000 522.91660259 537.074899406 533.073829043 0.7566666666666666 455.66138298 8.6923465097 446.969035187
30000 523.508055871 543.617773106 538.732857229 0.7299999999999998 454.843605347 7.76221942902 447.08138649
31000 516.055298545 537.426074882 530.708519037 0.7699999999999997 454.396770096 8.4370257473 445.959744186
32000 517.06316065 533.761397938 531.585691998 0.7633333333333334 454.57789772 8.2702389276 446.307658615
33000 516.993527955 533.771241986 528.474615415 0.7533333333333332 455.187623749 8.93451109886 446.253112183
34000 514.672279738 532.627239146 526.839844749 0.7599999999999999 454.182770844 8.12925414801 446.053516464
35000 508.282480218 526.119806045 519.953054331 0.743333333333333 453.728414001 8.32672100544 445.401694489
36000 512.749990733 532.202550242 522.865147049 0.7433333333333333 454.322442322 8.27782976747 446.044612198
37000 513.447153716 532.883638254 524.20454638 0.7499999999999997 453.697412109 7.59292449236 446.104487686
38000 519.41392193 539.272369742 530.149522332 0.7333333333333332 454.678696747 7.70304837108 446.975648422
39000 510.885033685 521.55922553 515.66393513 0.7566666666666664 454.445460434 8.72832373142 445.71713707
40000 508.335275083 526.522173289 519.651803916 0.7399999999999999 453.924606476 8.44797787666 445.476629181
41000 504.86538813 524.313430423 516.400315167 0.76 453.241938934 8.3576897347 444.884248276
42000 499.227703308 519.848351079 514.450052196 0.7699999999999999 452.671311035 8.27330150366 444.398010864
43000 499.40608564 520.934707808 512.92313826 0.7499999999999997 452.632733994 8.30477852345 444.327955475
44000 501.331783695 520.86693371 510.788640552 0.7699999999999996 452.918560486 8.62456049919 444.294000473
45000 503.026025156 522.149089105 512.435889871 0.7733333333333333 452.667816162 8.14970777988 444.518108902
46000 497.877517366 516.879067357 509.166423326 0.7666666666666666 452.470125885 8.48690879583 443.983216248
47000 494.84015288 519.333407923 507.757528369 0.7766666666666664 452.762209854 9.08765393257 443.674556046
48000 491.58324726 514.892328405 506.93560375 0.7433333333333332 452.581224823 9.13312423706 443.448100586
49000 495.128093703 517.571855555 511.486683317 0.7699999999999997 452.585526047 8.76908242226 443.816443481
50000 489.842891908 514.776741575 506.226397537 0.773333333333333 451.871559601 8.8084486866 443.063109207
51000 495.584544384 520.586531641 512.205499352 0.7733333333333331 452.179116821 8.48293899775 443.696177826
52000 490.628856418 513.190259019 506.504239413 0.763333333333333 451.84036911 8.94664882183 442.893719101
53000 497.843591044 519.782387598 513.955147637 0.7599999999999997 452.34501358 8.22679507256 444.118216476
54000 490.332356812 514.079712744 503.802601278 0.7833333333333333 451.632292786 8.66288544655 442.969407196
55000 487.680838591 510.809038312 501.492471972 0.7999999999999998 452.011731339 9.32861526966 442.683114548
56000 492.555020816 515.316387275 505.39418591 0.7566666666666664 452.242955399 8.71256688595 443.530386658
57000 487.058584573 512.02784925 503.668680008 0.7733333333333331 452.578866806 9.70801279306 442.8708535
58000 491.049529694 513.333556683 506.973848484 0.7733333333333333 451.519862976 8.25338647366 443.266476593
59000 488.663426789 513.02561569 506.083066574 0.7766666666666666 451.801345673 8.62432727814 443.177017593
60000 485.874379095 512.081222019 501.894401944 0.7599999999999997 451.415130692 8.79417953491 442.620951691
61000 483.644404383 511.706982654 500.453153065 0.7766666666666667 451.251187897 8.89232835293 442.358860626
62000 481.257327878 507.062409478 497.630295563 0.7766666666666664 451.24948082 9.27910135746 441.97037735
63000 481.749983744 510.91438296 498.499289956 0.7699999999999999 451.176132202 9.14688705921 442.029244385
64000 483.986160346 511.192141451 498.878839141 0.7499999999999999 450.966797333 8.60120934725 442.365587616
65000 482.814153745 504.949618418 494.261598137 0.7866666666666667 451.255476761 9.0126809907 442.242796631
66000 483.030575741 507.941859878 496.168552824 0.7599999999999997 451.845116653 9.59090281963 442.254213409
67000 481.732091971 507.279034411 499.88190004 0.7533333333333333 451.727105331 9.548173666 442.178932343
68000 478.783373376 505.796449598 495.336022499 0.7499999999999997 451.529925613 9.58722521067 441.942700348
69000 479.382564003 505.551937034 497.274839599 0.7566666666666666 451.686159744 9.61404396772 442.072113571
70000 476.837558886 503.717629094 494.487790948 0.7666666666666666 450.847575607 9.42245844603 441.425116501
71000 481.087579533 505.759919195 496.239917883 0.7499999999999997 451.163577118 9.1213469696 442.042231522
72000 476.506513826 503.798595641 494.937059588 0.7766666666666667 450.325075989 8.83422259092 441.490855179
73000 474.639903506 503.685704943 492.125216008 0.7966666666666669 451.027901688 9.83374033213 441.194163971
74000 475.033280456 503.684839896 493.177293179 0.7866666666666667 450.744506912 9.28947916269 441.455027161
75000 475.328379173 501.898616051 494.355482801 0.7633333333333333 450.80947876 9.4721009779 441.337377777
76000 475.156915355 501.955615291 494.5311441 0.7800000000000001 450.214562607 9.1211560607 441.093408127
77000 474.595881607 499.447824047 490.507283959 0.7933333333333333 450.487149353 9.66677504539 440.82037323
78000 476.259830377 499.759689207 492.466353839 0.7733333333333331 451.009761581 9.92745390177 441.082305908
79000 475.344675929 502.202536585 493.401604562 0.7766666666666667 450.320028534 9.33706741571 440.982960815
80000 472.578403676 502.973374759 494.155907528 0.7766666666666666 450.32579895 9.5971714735 440.728629913
81000 470.909133003 500.606446809 491.894416162 0.75 450.235275879 9.66550372839 440.569771423
82000 472.89610928 501.520817465 489.420094082 0.7733333333333333 450.369999771 9.38180068016 440.988197784
83000 472.434033717 499.484316613 491.737931232 0.7833333333333334 450.616581116 9.78739931583 440.829183807
84000 468.014661853 498.969547798 490.40494771 0.7766666666666667 449.81504364 9.52596043587 440.28908371
85000 470.364525079 500.248921978 492.702464968 0.7733333333333334 449.319150391 8.73932794571 440.579822693
86000 470.689389933 498.242951947 490.575882663 0.7766666666666666 449.608306198 9.11145555019 440.496849289
87000 468.040639865 498.042015076 489.842448981 0.78 449.805972519 9.45676816463 440.34920578
88000 467.568421205 497.001013191 485.692599087 0.7766666666666667 450.084986572 9.64472638369 440.440260773
89000 468.922937611 499.538630437 488.765232123 0.7533333333333332 450.208547592 9.49861080647 440.709937057
90000 468.079317596 500.004143186 491.739222918 0.7766666666666666 450.126136246 9.4185423851 440.707593918
91000 467.901950901 497.200556064 489.427443611 0.8033333333333335 450.264062424 9.78050867796 440.483555222
92000 468.628681622 499.939351085 488.46649211 0.7933333333333333 450.658497543 10.0681349802 440.590362549
93000 468.925264269 496.85285657 487.561821227 0.7800000000000001 450.219703903 9.51747279882 440.702230606
94000 468.788769127 498.317920205 487.227978762 0.7666666666666664 450.631450882 10.0873439598 440.544106522
95000 470.181069311 496.117445053 486.537008806 0.7966666666666665 450.45950264 9.71425948858 440.745244751
96000 469.82865351 497.7513396 488.438681748 0.7633333333333334 450.584947052 9.69334254265 440.89160553
97000 469.533383046 497.18592352 488.502519241 0.7800000000000002 450.410831451 9.573551054 440.837279053
98000 467.579903302 497.081692544 486.782651625 0.7766666666666664 449.75556572 9.27604846716 440.47951889
99000 467.405092398 495.096570082 484.216597263 0.8 449.842829666 9.37734081268 440.465487442
100000 467.288219842 493.89216041 485.670034516 0.7733333333333333 449.672903214 9.48297841311 440.189926224
101000 463.976966071 491.170300745 481.415354517 0.7866666666666666 449.780854263 9.84597101212 439.934883041
102000 470.734908883 494.50726273 486.70460071 0.76 449.709606247 9.06745034695 440.642156448
103000 465.931787229 490.315294604 482.111534775 0.7599999999999999 449.881239548 9.64160648346 440.239633789
104000 467.516358486 491.970706332 481.991837667 0.8 450.188799515 9.7582964325 440.430503845
105000 472.814720312 497.39765526 490.028313299 0.7833333333333331 450.473393173 9.29824023485 441.175152359
106000 469.180492677 495.529732938 489.299270704 0.7700000000000001 450.319887161 9.62233919859 440.697546539
107000 468.859088496 494.348877667 486.811318584 0.7666666666666666 449.732143707 9.21076600075 440.521378479
108000 464.582316771 488.694084932 483.781911121 0.7600000000000001 450.379129791 10.2897574615 440.08937233
109000 465.294294166 492.477559419 484.001024901 0.7799999999999998 449.772721252 9.67219466448 440.100525894
110000 464.707726858 490.998787428 483.17770307 0.7699999999999999 449.59270668 9.55097683907 440.041729889
111000 462.011747056 488.699808058 480.691701153 0.8166666666666669 449.309714813 9.73254937172 439.577163239
112000 466.764140811 492.512268147 485.261278471 0.7599999999999999 449.535573807 9.29147471428 440.244098358
113000 462.893452915 490.223934842 479.329711173 0.7900000000000003 449.455425873 9.6748631382 439.780562057
114000 465.024791963 496.471384418 485.777811829 0.7933333333333333 449.637229385 9.33301249981 440.304217682
115000 461.416017299 491.27140883 479.586389242 0.8000000000000002 449.608275909 9.84897737026 439.759298477
116000 464.637948518 492.606625579 481.780947622 0.786666666666667 449.361832581 9.30775135756 440.054080811
117000 460.554777865 490.145341461 479.747053908 0.7833333333333333 449.736834412 9.99344722271 439.743384094
118000 463.470001992 491.496655342 482.450502096 0.7766666666666666 449.429015198 9.27772592306 440.151289825
119000 463.199026313 492.75968198 480.916325925 0.8033333333333335 449.474322357 9.60767112017 439.866652603
120000 463.27513405 493.334222084 481.164453917 0.8 449.788143158 9.81671394825 439.971431046
121000 465.574779064 495.032539784 482.89686384 0.7833333333333333 449.846452789 9.68630102634 440.160153351
122000 462.898847779 493.62857214 483.733971416 0.7733333333333331 449.77506279 9.75201131821 440.023051071
123000 462.85509374 493.040882 479.185803198 0.7800000000000001 449.794043045 9.7969466424 439.997096405
124000 462.547522592 490.59239721 479.995411766 0.79 449.697005463 9.78728991032 439.909714355
125000 464.083899963 489.579505467 481.676066809 0.7933333333333333 449.467444229 9.39196778297 440.07547699
126000 463.540025567 488.777304405 480.371202525 0.8000000000000002 449.75344574 9.82067193747 439.932774277
127000 462.090303121 491.45498461 480.487022346 0.7966666666666667 449.514408951 9.75156345367 439.762843323
128000 461.776326632 490.798466431 480.781296674 0.7866666666666666 449.243575592 9.56904690266 439.67452858
129000 461.055679525 488.625902789 481.570189773 0.7833333333333334 449.506867981 9.80685406446 439.700013962
130000 461.033846109 490.235731024 481.135875773 0.7933333333333333 449.115382156 9.54156207561 439.573819885
131000 461.901980322 488.295114686 479.976700329 0.7799999999999998 449.588275986 9.81682338238 439.771452637
132000 465.193555353 492.4121924 483.652959305 0.7833333333333335 449.619793015 9.39464519262 440.225146408
133000 462.713577024 489.428999392 480.787090335 0.7933333333333333 449.493060303 9.61756434441 439.875494537
134000 463.674446376 491.849464387 481.953645052 0.8000000000000002 449.430480499 9.39952584743 440.030955734
135000 464.277518604 493.093334305 483.675889177 0.7833333333333333 449.774460678 9.7546057868 440.019852753
136000 460.396153251 488.542161249 478.004881326 0.78 449.594550247 10.0374788904 439.557071381
137000 459.426085732 488.893252307 478.174366069 0.7733333333333333 449.733036118 10.2551986456 439.477837982
138000 462.626411401 489.171488581 481.155940019 0.7766666666666666 449.464290695 9.57495238304 439.889337845
139000 462.413950786 489.488554464 480.817443711 0.7666666666666664 449.621009445 9.68542333126 439.93558548
140000 458.099023937 486.527149131 476.596890813 0.773333333333333 449.423214874 9.98995085239 439.433265686
141000 456.963560031 485.893688753 476.320449119 0.7866666666666667 449.02006546 9.8411836338 439.178882294
142000 457.158309618 486.718070451 480.005454211 0.7900000000000001 448.983517532 9.80469074249 439.178826828
143000 458.933946472 486.818188542 478.849643115 0.7766666666666666 449.216365738 9.87135687351 439.345007935
144000 459.356115356 487.869870693 481.245182786 0.776666666666667 449.044958191 9.55972720623 439.48522995
145000 454.593325745 484.540841057 475.530839223 0.79 449.358138733 10.3990690231 438.959068909
146000 458.257324508 487.127160265 479.389064692 0.7766666666666666 449.978460922 10.5636582232 439.414801788
147000 457.507696418 487.285065627 478.513395726 0.7833333333333334 448.990336914 9.64435827255 439.345978699
148000 459.355903213 490.447570607 480.60452048 0.7900000000000001 449.146636505 9.49112257242 439.655514145
149000 458.181362351 490.125537534 477.19532512 0.7933333333333333 449.156049271 9.73969564438 439.416354446
150000 458.171700505 488.213903224 477.452418194 0.8 449.19921608 9.669602108 439.529614105
151000 455.818387928 485.81104873 475.532424644 0.78 449.215858917 10.1124965429 439.103363266
152000 457.767703805 487.233210774 476.863399701 0.7933333333333334 449.069028549 9.75335669279 439.315674438
153000 458.1142139 490.193767064 479.698536325 0.7833333333333333 448.847893066 9.44602750301 439.401866074
154000 452.776833691 485.084456141 474.153596842 0.7966666666666665 449.132723083 10.3066607165 438.826064758
155000 455.047888603 488.605081422 478.867935511 0.7866666666666666 448.834155807 9.64989071369 439.184264679
156000 455.518295793 490.299834792 480.235070199 0.8 449.317643585 9.97870378494 439.338941727
157000 456.329460482 488.644934784 479.492613205 0.78 449.411050873 9.88309638977 439.527953949
158000 453.949836935 488.542131371 478.124072735 0.7900000000000001 449.34176796 10.2030279851 439.13873909
159000 453.510676746 486.049054081 476.759693249 0.7866666666666666 449.000199432 9.95898510218 439.041215515
160000 452.926313193 486.355262116 476.503448865 0.8033333333333331 449.14394043 10.2402994537 438.903641586
161000 453.796021623 487.152521876 476.329875649 0.7966666666666669 448.999188385 9.92442776918 439.074761353
162000 451.039178472 485.22158751 475.691928671 0.7966666666666665 449.322017822 10.599662075 438.722353439
163000 452.162892896 485.548154525 475.337633891 0.7899999999999998 448.704857178 9.79923278332 438.905624924
164000 452.866408433 486.357037583 475.268821396 0.7833333333333333 449.147080231 10.1648060226 438.982274323
165000 450.543958831 484.626637479 473.436965504 0.7766666666666666 449.079155731 10.3330751753 438.746081009
166000 450.143746918 483.345797532 473.644576279 0.8033333333333336 449.109594727 10.5403795147 438.569215927
167000 453.032901876 485.900809105 477.704385989 0.7833333333333334 448.498247375 9.58959840775 438.908649521
168000 453.232686607 484.464133668 474.156212205 0.8000000000000002 448.864376755 9.93811421394 438.926263733
169000 453.524342456 485.66278653 476.759915837 0.7866666666666666 449.118741837 10.0935730243 439.025169525
170000 453.332761207 487.080556645 476.674678647 0.7900000000000001 448.884759598 10.0014067173 438.883355637
171000 452.430444841 485.318978683 476.069020779 0.7666666666666667 448.928418503 10.232571528 438.695846786
172000 451.190629463 481.736709841 472.229815234 0.7999999999999998 448.571678009 9.96508788109 438.606589432
173000 451.084411021 483.368697437 472.155739367 0.7966666666666667 448.649163437 10.0486133862 438.600549164
174000 450.245675401 482.874401694 473.177432454 0.7899999999999998 448.775101089 10.3648450661 438.410256195
175000 451.821289077 485.200697561 475.257766772 0.7666666666666666 448.952928772 10.1784880948 438.774436951
176000 448.901022371 481.183713661 472.084685311 0.7833333333333331 448.515303497 10.1534852886 438.361817627
177000 449.323178196 483.215777411 472.737971665 0.7966666666666667 448.987282333 10.4707415032 438.516540756
178000 450.306389089 482.097037238 474.674313125 0.7866666666666668 448.789099731 10.225843277 438.56325798
179000 449.921320405 481.675165507 472.803041888 0.7933333333333333 448.876561356 10.419422884 438.457139053
180000 450.432291727 483.086548016 473.606603773 0.79 448.887598038 10.2324105024 438.655187531
181000 450.308850405 483.251490652 473.989239303 0.8033333333333336 448.621968613 10.0188768554 438.60309166
182000 448.235289177 481.005462585 470.372746494 0.8066666666666669 448.420329437 10.1042118502 438.316116409
183000 451.740965833 483.92709461 472.065727778 0.82 449.102465134 10.2573884726 438.845076065
184000 450.757616109 481.9595511 471.163232868 0.8000000000000002 448.976976471 10.4867167044 438.490260239
185000 451.633169615 482.858283089 473.776578841 0.7966666666666669 448.583410873 10.1103179169 438.473089218
186000 451.242930201 485.288424345 474.098299922 0.7733333333333335 448.54216156 9.96474816799 438.577412415
187000 448.504417278 483.325658777 473.392938018 0.78 447.904947205 9.59904021263 438.305906296
188000 450.627980747 483.245789518 473.592634722 0.7766666666666667 448.385194931 9.78963500738 438.595562515
189000 448.409781101 481.327826596 472.407862343 0.7733333333333334 448.620420685 10.3963209009 438.224099884
190000 450.793071773 483.005885183 474.999373314 0.7833333333333335 448.559546204 10.0065356278 438.553011246
191000 450.92787162 483.704908533 474.766726035 0.8000000000000003 448.224625244 9.71391952991 438.510706253
192000 453.81736824 484.878736478 477.093519298 0.8033333333333336 448.775738602 9.88433164597 438.891408463
193000 451.053072808 482.042344202 472.049609322 0.786666666666667 448.522805481 10.0395064116 438.483300095
194000 455.029297894 484.127828691 474.300868659 0.8033333333333332 448.896169815 9.65527652264 439.240894241
195000 452.424912386 480.573308296 472.140822711 0.82 448.820057144 10.2254502273 438.59460968
196000 451.40977008 480.41287967 472.389582725 0.8066666666666669 448.711969223 10.3027592754 438.4092099
197000 449.847681126 479.5730339 471.690785063 0.7833333333333334 448.670883942 10.3825328922 438.288350296
198000 451.341292851 481.448916744 472.752727699 0.7899999999999998 448.574436111 10.0785737371 438.495864334
199000 452.176257131 483.412375715 473.49400356 0.7766666666666666 449.088127441 10.3007483172 438.787379303
200000 452.668213943 482.146994206 472.252935305 0.7799999999999998 448.897769775 10.1142848778 438.783484268
201000 448.449338629 478.246779704 469.594629163 0.8066666666666665 448.815442963 10.6182088923 438.197232895
202000 452.535418876 482.613621955 473.766171556 0.7866666666666668 448.884064941 9.95921741247 438.924848938
203000 452.502328008 481.282067154 471.877315925 0.7900000000000001 448.73365715 9.98352973461 438.750128021
204000 450.822142785 482.141849657 473.81333381 0.7933333333333336 448.450990143 9.89877379417 438.552215729
205000 448.438026708 478.599170896 471.106063738 0.7666666666666666 448.688763733 10.4489867973 438.239777222
206000 450.56036676 478.202871095 473.549028388 0.7933333333333334 448.552228012 10.132159574 438.420066376
207000 451.173893072 480.44337644 472.604396034 0.78 448.295217667 9.89586869478 438.399350052
208000 447.060603468 478.564246259 470.731566867 0.8033333333333332 448.565542068 10.5989587641 437.966583176
209000 449.111615487 480.42952015 471.576403562 0.786666666666667 448.35374855 10.0786575413 438.275092468
210000 448.823871237 481.654711557 471.955597778 0.78 448.488253479 10.2541594696 438.234093704
211000 448.216793752 479.433002238 471.31496225 0.7800000000000001 448.360678482 10.3445303392 438.016146851
212000 448.683184148 482.099129417 470.725029783 0.7900000000000003 448.01022644 9.75506411314 438.255158844
213000 447.321167029 478.787190361 467.798855191 0.79 448.171975937 10.1808171654 437.991159439
214000 449.493959633 479.791729032 471.714758606 0.7900000000000001 448.34329567 10.099039619 438.244255524
215000 446.319659487 477.01434195 469.048762889 0.7966666666666669 448.68609993 10.7509442568 437.935154266
216000 449.728207156 480.242998627 471.985743459 0.7900000000000001 448.613312531 10.3618017054 438.251511841
217000 451.176324844 481.94139999 472.114372787 0.8000000000000002 448.299961624 9.87133970261 438.428623428
218000 449.70719835 480.307280544 471.575891767 0.7866666666666667 448.345370636 10.0902209091 438.255149307
219000 446.773246178 477.821816954 468.124709294 0.8133333333333336 448.535066071 10.5253879809 438.009679031
220000 448.17412296 480.664213929 470.614947859 0.8066666666666669 448.345641174 10.1761595154 438.169480743
221000 446.382343594 477.989824387 469.448909966 0.7966666666666669 447.964180832 10.1769082975 437.787271729
222000 449.100949082 481.817802701 471.872628421 0.8066666666666668 448.527292862 10.3320850396 438.195208282
223000 450.738879472 481.944386371 473.181953824 0.7933333333333334 448.178770599 9.83289198637 438.345878906
224000 450.917843408 481.946915941 473.245004618 0.8033333333333336 448.409950943 9.91781630754 438.49213562
225000 449.728685288 477.761333342 470.844272694 0.79 448.158566818 9.95995586395 438.198609695
226000 448.378278654 476.847095171 470.13204382 0.8233333333333336 448.279940872 10.1688051367 438.111135254
227000 445.549627785 474.118595394 467.656566191 0.8166666666666669 448.173563461 10.5551034927 437.61845993
228000 448.489980929 476.795757953 469.092403355 0.8066666666666669 448.448037186 10.4443305731 438.003706589
229000 450.432048884 478.221912986 470.514885585 0.7933333333333334 448.405533524 10.1369805741 438.268552856
230000 450.375284454 478.399208628 472.390285978 0.806666666666667 448.165490723 10.0004905033 438.164999161
231000 445.986431221 474.809138219 469.241302596 0.8166666666666669 448.150731812 10.397850771 437.752877808
232000 445.899177101 475.801499711 467.512236311 0.8100000000000003 448.342435379 10.5589412618 437.783492966
233000 447.966774205 478.946898362 472.74245936 0.8066666666666669 448.073526077 10.066918385 438.006609268
234000 449.362702228 478.776372643 470.898185576 0.8233333333333335 447.884924622 9.74590257168 438.139021683
235000 447.450953787 476.619467789 469.011638389 0.7900000000000001 448.209832382 10.2868381977 437.922993011
236000 447.650004873 477.035475066 470.752533842 0.7900000000000001 448.30048317 10.2393850708 438.06109993
237000 447.729405568 475.409780788 469.143735727 0.8033333333333335 447.898998184 10.0035698462 437.895427094
238000 445.61739532 474.519135406 467.698941324 0.8100000000000002 448.0521315 10.4048416328 437.647290344
239000 446.763612981 477.939496235 469.15156365 0.8100000000000003 448.198657913 10.2150832844 437.983573532
240000 445.223423966 475.576880894 468.844043759 0.8133333333333336 448.281308899 10.5949515843 437.686356277
241000 445.76314459 476.494369044 470.443142439 0.806666666666667 448.106097794 10.3403620768 437.765736237
242000 447.48164106 477.731050043 471.115775833 0.7800000000000001 448.075923004 10.2260410595 437.849882202
243000 445.811959041 475.042154521 468.24797529 0.8100000000000002 447.915260162 10.2267831898 437.688476791
244000 445.662380955 475.472122091 468.926332662 0.8033333333333336 448.264301376 10.4807865763 437.78351532
245000 445.448695131 474.758530962 468.320928341 0.7933333333333336 448.214996567 10.4991324472 437.715864258
246000 447.941652662 477.413240996 471.674875801 0.7933333333333336 448.07082222 10.0910476089 437.979774017
247000 444.173645104 473.680182801 467.531201013 0.8000000000000002 448.228590546 10.5936548853 437.634934921
248000 445.744792628 476.883827667 470.196285194 0.7933333333333334 448.087021027 10.2429602408 437.844060059
249000 444.177234825 474.116133208 467.062378222 0.81 448.240226593 10.7192915106 437.520933456
250000 447.350522475 477.69140536 468.390253184 0.8066666666666669 448.26372139 10.2678682327 437.995853195
251000 444.352176208 474.518714363 467.530027113 0.8033333333333335 447.949379501 10.4277852678 437.521593781
252000 443.594368542 473.45346986 466.607469223 0.8000000000000003 447.637597504 10.3417061353 437.295890884
253000 444.347557138 475.043617899 467.066675939 0.7966666666666669 447.862245789 10.4674814749 437.394762878
254000 444.864716828 474.580909543 467.313626721 0.8033333333333336 447.906310577 10.4440502071 437.462261734
255000 445.893089214 475.471676195 468.773782688 0.8033333333333335 447.815153656 10.2783456302 437.536807785
256000 446.980617276 476.975776794 470.550043211 0.8066666666666671 448.300102463 10.4653420019 437.834761353
257000 444.692569871 474.613190277 467.484059367 0.816666666666667 448.133366013 10.5774375796 437.555929413
258000 444.933086354 475.34388255 468.124626639 0.8 448.062777481 10.5019973922 437.560779114
259000 444.948420978 475.818913381 469.913155592 0.7900000000000001 448.123213501 10.5811340714 437.542080231
260000 446.24033439 476.533566042 469.808377128 0.78 447.879575882 10.1643093634 437.715267105
261000 443.686347839 473.508503273 466.399008365 0.8066666666666669 448.137775269 10.7401425743 437.397630997
262000 444.336304464 475.523162491 468.313415545 0.796666666666667 447.828125916 10.3052671075 437.522860489
263000 444.371654724 474.953155746 466.892050808 0.7933333333333333 448.020082397 10.61869735 437.401386032
264000 444.41601915 474.079527007 467.941287053 0.8066666666666669 447.850570984 10.3983909321 437.452181778
265000 445.973921137 476.552966879 469.002602078 0.7866666666666667 447.84000946 10.0924276471 437.747581482
266000 443.703579099 474.206808901 467.894624015 0.8133333333333335 447.590581055 10.2492037416 437.341378632
267000 444.368067667 475.374127597 466.744158628 0.8100000000000003 448.037162552 10.6556415439 437.381520996
268000 444.371431046 474.869091953 466.924665126 0.8100000000000002 447.829902344 10.3339429569 437.495959549
269000 446.10908718 475.790592901 470.515454007 0.7933333333333336 448.019585571 10.3747536421 437.64483284
270000 444.211220084 474.592719247 468.949692519 0.816666666666667 447.736825485 10.2216855145 437.515139389
271000 444.010716664 475.528589646 469.389392453 0.8100000000000003 447.780280685 10.2944372463 437.485841675
272000 444.431649658 475.084739754 468.497966499 0.8133333333333336 447.496604004 10.0100652027 437.48653923
273000 443.841548732 475.298166534 468.747256498 0.8166666666666669 447.674730911 10.2641147828 437.41061821
274000 442.967950533 475.350743987 468.452976944 0.8133333333333337 447.528989639 10.1700068402 437.358980255
275000 443.592648631 474.465539022 467.761633629 0.8000000000000003 447.98870697 10.5071942949 437.481513138
276000 442.043698785 474.76364911 467.827561426 0.7933333333333331 447.606119156 10.2650869465 437.341033325
277000 441.615839816 473.494857841 468.037816586 0.8100000000000002 447.731905899 10.4508413982 437.281065979
278000 443.092246136 474.896075332 468.884936543 0.7733333333333331 447.908028946 10.4387774467 437.469249268
279000 441.053533155 471.957550343 465.538608335 0.7933333333333334 447.557840729 10.4196779513 437.138163528
280000 443.523523032 474.150644 469.363543523 0.79 447.440797806 10.0122744775 437.428523788
281000 440.890730096 471.917433002 464.711230242 0.8233333333333335 447.869318924 10.695570612 437.173747559
282000 443.268963096 475.813591299 468.180629889 0.8000000000000003 447.721672058 10.3174703097 437.404202347
283000 443.841137769 475.160505178 469.551961455 0.8000000000000004 447.702129593 10.1486807108 437.553448715
284000 442.388805516 474.016439839 468.978100688 0.806666666666667 447.856666641 10.4481195998 437.408547287
285000 442.640715076 473.865516236 467.580885483 0.8000000000000003 447.859064636 10.550757668 437.308307419
286000 441.248862061 473.01498645 467.775102153 0.7933333333333334 447.461093826 10.2598315549 437.201262131
287000 441.247876337 472.765813806 466.677566624 0.7900000000000001 447.856860199 10.5881101608 437.268748245
288000 441.818304531 472.821914387 467.021417151 0.8033333333333336 447.451520004 10.0862195945 437.36529953
289000 441.701609903 472.998381044 467.268645352 0.8000000000000002 447.869435806 10.5834594488 437.285977249
290000 442.441648739 474.087759432 465.866894569 0.8033333333333337 447.858258896 10.4259768677 437.432282104
291000 441.65093372 473.315514766 466.008050999 0.8066666666666668 447.577278671 10.3120965862 437.265181885
292000 441.7982787 473.107513502 466.54470521 0.8033333333333335 447.759853134 10.4550554657 437.304797134
293000 442.044656139 472.942232211 467.32498003 0.8066666666666669 447.467577591 10.1491513777 437.318427887
294000 441.596446136 471.322439464 465.459349093 0.8033333333333336 447.350878754 10.0990763211 437.251801987
295000 440.245937815 470.208315185 463.681329558 0.8133333333333335 447.843687286 10.7074330544 437.13625351
296000 442.177158537 472.609886323 467.129007045 0.7933333333333336 447.638114777 10.3178570461 437.320259476
297000 441.527409344 471.867125576 466.056039079 0.8033333333333336 447.672352982 10.3685474586 437.303808212
298000 441.564066445 472.966723481 465.46472282 0.7833333333333334 447.775345383 10.4654721546 437.309873428
299000 439.903155935 471.256675187 464.454356997 0.8066666666666668 447.737710495 10.6337249184 437.103985443
300000 440.624432805 471.556614305 464.883823195 0.8000000000000002 447.549234085 10.4174324369 437.131800156
301000 440.638445739 471.551001577 466.181930208 0.7966666666666669 447.555441818 10.3442923021 437.211149979
302000 437.913093499 470.621813995 464.148766178 0.796666666666667 447.528471375 10.6615138626 436.866957169
303000 440.520286318 473.590639719 467.046668784 0.7900000000000001 447.179122391 10.0255521035 437.153567123
304000 438.495081639 470.924152016 464.061767092 0.8100000000000004 447.700501556 10.8302274609 436.870274734
305000 440.306910905 472.475878015 466.65071583 0.8133333333333336 447.587102432 10.4499171567 437.137184982
306000 441.935233601 473.106414109 466.920104036 0.8000000000000002 447.773077393 10.468214097 437.304864426
307000 442.101899573 473.601715442 466.623792735 0.7933333333333336 447.664041824 10.3137158298 437.350325317
308000 441.460180493 472.189899765 466.103400695 0.8133333333333336 447.435506668 10.2068819141 437.228625793
309000 442.414460152 473.107645015 467.54978178 0.7900000000000001 447.627130356 10.1540797162 437.473053207
310000 441.008569821 472.663541313 466.408343012 0.8000000000000002 447.476339874 10.2261965847 437.250145111
311000 440.599394442 472.190686457 467.755569203 0.7933333333333334 447.428722076 10.174991622 437.253732147
312000 439.98442158 471.174373496 466.625040023 0.7933333333333333 447.645932007 10.5165171552 437.129413071
313000 440.697538786 471.697205517 466.986509696 0.7966666666666669 447.47640213 10.3835984612 437.092804337
314000 440.698968535 471.960719702 467.29014499 0.8066666666666669 447.595792084 10.3180549765 437.277736359
315000 439.505355073 470.694560415 466.606791451 0.8066666666666669 447.596348648 10.5182606721 437.078089447
316000 440.679652848 472.838409473 466.938575494 0.8033333333333335 447.611864395 10.3647490931 437.247116318
317000 440.990559844 473.049453932 469.186559465 0.796666666666667 447.392554855 10.1967158413 437.195838013
318000 440.183792488 472.554081448 467.640459745 0.7799999999999998 447.675736847 10.4639422035 437.21179657
319000 439.325312291 470.89327392 465.169277421 0.8100000000000003 447.625685654 10.6676281309 436.958059464
320000 441.167078636 471.78879154 467.398986209 0.8033333333333336 447.391824265 10.2095168948 437.182306137
321000 440.479114763 471.09016345 465.515231806 0.8033333333333335 447.495131989 10.350199008 437.144933853
322000 440.714321743 471.471655739 465.590160442 0.8133333333333336 447.507523346 10.3973341656 437.110190582
323000 439.291837669 470.656232031 465.899990377 0.8000000000000002 447.657920761 10.6341936445 437.023726501
324000 440.076354251 470.738902212 465.780887361 0.7966666666666669 447.439514923 10.2716171312 437.167897339
325000 440.433860782 471.32272671 465.885883333 0.816666666666667 447.407335739 10.2477843952 437.159551163
326000 440.365236387 470.678171426 465.136632903 0.8066666666666669 447.683108521 10.6178229523 437.065284119
327000 440.036468625 472.414135691 465.398502834 0.8000000000000003 447.668187561 10.4876059914 437.180583191
328000 440.50723364 471.939377643 465.761164287 0.806666666666667 447.4756353 10.3631799722 437.112455139
329000 441.130014588 472.721807633 466.584448511 0.806666666666667 447.459962997 10.2818051648 437.178157654
330000 440.595576701 472.332824781 465.647531443 0.8000000000000002 447.64713768 10.4332310152 437.213905792
331000 438.742598151 470.830539807 464.795322419 0.8100000000000003 447.413021698 10.4666285515 436.946392212
332000 440.024103989 471.622304522 465.179495386 0.8000000000000002 447.516376495 10.4476934004 437.068681641
333000 439.424182873 471.330022322 465.222036293 0.7766666666666666 447.421324692 10.4491276574 436.972196198
334000 439.718285897 471.492432057 465.956188552 0.8100000000000002 447.198398819 10.2291575789 436.969241562
335000 440.862748721 472.522933239 466.584293491 0.8166666666666669 447.207662735 10.0737367296 437.133928223
336000 440.286824351 471.591891688 465.946853537 0.8000000000000003 447.409536514 10.3307582045 437.078776474
337000 438.301802824 471.166080617 465.339557992 0.8000000000000002 447.091318512 10.2462651753 436.845054932
338000 438.138225781 470.239270952 464.199400818 0.8066666666666669 446.958672333 10.2398696494 436.718803787
339000 438.140397363 470.426235005 464.73633678 0.8000000000000002 447.245875397 10.5461846709 436.69969101
340000 437.340118746 469.15263111 463.664573329 0.8000000000000003 447.164876709 10.5258639669 436.639014816
341000 437.414498344 470.248227029 464.181923034 0.7866666666666667 447.320235901 10.7050557423 436.615181656
342000 439.011172384 469.973547558 465.727858379 0.8 447.170766373 10.3801396561 436.790626678
343000 438.85947593 469.901133815 464.852881249 0.8066666666666669 446.893161392 10.245917244 436.647246475
344000 438.871212911 471.162782157 464.848975302 0.7966666666666667 447.216973495 10.4274206996 436.789554214
345000 439.297832094 471.99424883 464.71829686 0.8033333333333336 447.147524719 10.3138433886 436.833681717
346000 438.516419409 469.563483131 463.068168044 0.8066666666666669 447.136032333 10.4811241436 436.654907532
347000 437.86607837 469.488453213 463.854935422 0.7933333333333336 447.449974289 10.7957932925 436.654181976
348000 437.313431891 469.600116509 463.104787844 0.8000000000000002 447.297238235 10.5564687586 436.740771103
349000 438.636829971 470.921498598 464.312302985 0.7933333333333334 447.382581177 10.4388362885 436.943742981
350000 437.114452399 468.851317424 462.91029744 0.8200000000000003 447.394068909 10.7590341806 436.635035095
351000 438.719023734 471.124292677 464.56376287 0.7933333333333337 447.21626915 10.3574417615 436.858826523
352000 438.79283317 470.647254399 465.3529314 0.8000000000000003 447.244836731 10.3925557065 436.85228157
353000 437.036381647 469.364723465 464.045529351 0.7800000000000001 447.095526276 10.3958834696 436.699643936
354000 437.906980617 469.193384284 463.683527079 0.7933333333333333 447.118094177 10.3696948195 436.74840004
355000 437.736705212 469.45952866 463.836857618 0.8100000000000002 447.433278351 10.7454952025 436.68778389
356000 436.939360406 469.088747238 463.549297181 0.816666666666667 447.393507538 10.7059768343 436.687528687
357000 438.767873138 470.389808626 465.387177201 0.8000000000000003 447.145158691 10.2333344746 436.911823502
358000 437.164809442 467.980378543 462.343593512 0.8000000000000002 447.234296494 10.5950081062 436.639291
359000 438.305262852 470.484768406 464.853301645 0.8100000000000003 447.060154572 10.2091768742 436.850976334
360000 437.690868227 470.483343645 465.43528498 0.7866666666666667 447.165527039 10.3467328358 436.818794632
361000 437.88821875 469.829702347 465.21648154 0.8033333333333337 447.222853928 10.3793736506 436.843478546
362000 437.410311519 469.74931292 465.076137913 0.7866666666666668 447.185039673 10.4603476095 436.724692688
363000 437.181321231 469.163464491 464.695604125 0.8033333333333335 447.07018631 10.3754629612 436.694724274
364000 438.225783455 470.719947826 465.360995426 0.7966666666666669 447.14871666 10.3441505575 436.804565735
365000 438.285704903 471.226082554 465.233123805 0.7933333333333336 447.065306015 10.1689936829 436.896313248
366000 437.324789905 470.983777314 464.897905392 0.8000000000000003 447.114404907 10.375383873 436.739021835
367000 435.859312254 469.264156995 463.013759462 0.8066666666666668 447.258187943 10.7419002295 436.516288757
368000 437.593809894 470.351316804 465.319320014 0.8066666666666669 447.332191238 10.6189193773 436.713273315
369000 435.769429798 469.166207504 463.645318818 0.8000000000000002 446.946612091 10.3441070676 436.602502213
370000 434.733182655 468.64826194 462.697594421 0.8033333333333332 447.120414734 10.6701311898 436.450282898
371000 434.583471792 467.226961006 461.196056233 0.81 447.003625717 10.6072776651 436.39634819
372000 435.208091128 467.611371594 462.22650181 0.8033333333333335 447.365026474 10.8406868267 436.524340439
373000 435.393162728 468.711746511 462.791185354 0.7833333333333333 447.344025192 10.7961059904 436.547919846
374000 436.614637678 470.276358585 463.9484447 0.79 447.224824524 10.5974861574 436.627339401
375000 437.435408666 470.025822166 464.509757088 0.79 447.240439224 10.5129494524 436.727486954
376000 436.41817356 468.675520962 463.534431311 0.8133333333333335 447.129319077 10.5545936012 436.57472641
377000 436.638882498 469.31562477 463.782979126 0.7966666666666669 447.370051117 10.7535398912 436.616509781
378000 436.193777961 468.351169294 462.211892988 0.8066666666666669 447.305849915 10.798544488 436.507304993
379000 435.911727125 468.919174518 462.15442679 0.8033333333333332 447.274169846 10.6766969395 436.597474365
380000 436.132337034 469.052484667 462.944578411 0.8033333333333336 447.481549988 10.9104074192 436.571143417
381000 437.025468312 469.629400545 462.983728554 0.7933333333333336 447.241635437 10.5797118187 436.661923676
382000 436.349105397 468.447901176 462.436870145 0.8000000000000002 447.066433029 10.5234451866 436.542990494
383000 435.79693787 467.957649487 462.311842922 0.8066666666666669 447.043241882 10.5997496796 436.443493576
384000 436.060487086 467.782853796 462.890563442 0.7933333333333334 447.083392029 10.5757097292 436.507681274
385000 436.364861481 468.28653123 462.996958974 0.7966666666666669 447.23098381 10.6405179548 436.590464554
386000 436.251173385 467.657992333 461.929546224 0.8033333333333337 447.125115738 10.5984181643 436.526698074
387000 438.174158797 469.40822879 463.428969078 0.7866666666666667 447.237095413 10.3876699305 436.849427643
388000 438.56664026 471.208399479 465.034836314 0.7966666666666669 447.266877594 10.3341128778 436.932764435
389000 436.855883672 468.608792826 463.319750623 0.8033333333333336 447.306142273 10.5987933064 436.707349243
390000 437.263432404 469.141108021 462.849372885 0.8066666666666668 447.4078302 10.5983012867 436.809530411
391000 437.261835364 468.992917738 462.188785915 0.8033333333333332 447.356736679 10.5662646818 436.790473328
392000 436.044673286 468.530842751 461.654579288 0.8000000000000002 447.364458771 10.7117627525 436.652695923
393000 437.815035908 470.493076222 463.097395105 0.8033333333333335 447.349118958 10.4657129335 436.883405151
394000 436.04042304 468.113129977 461.214802084 0.8066666666666668 447.221632462 10.6426295996 436.579001923
395000 438.166160437 468.561577405 462.761145601 0.8 447.160364609 10.2970795035 436.863287659
396000 437.665290297 469.427782894 463.053578581 0.8000000000000002 447.271037598 10.39022223 436.880814667
397000 436.92412076 468.456859728 462.243071567 0.7900000000000001 447.178575363 10.4971352792 436.681440964
398000 436.58348453 467.710968739 461.325235639 0.7866666666666667 447.327878952 10.7213409066 436.606539154
399000 437.381217827 468.542085915 462.066075576 0.7966666666666667 447.229830933 10.5024650002 436.727365417
400000 438.039335592 468.961451804 463.426060445 0.8066666666666669 447.31607193 10.4862899232 436.829781494
401000 437.006044803 468.405622581 461.840327062 0.8100000000000002 447.254591751 10.5162330294 436.738358994
402000 436.054210758 467.405915507 461.583673131 0.8066666666666668 447.314831467 10.7300111961 436.584819717
403000 436.933503781 468.580952729 463.012838287 0.8000000000000003 447.391187515 10.7160355163 436.675151291
404000 435.489022174 468.225928619 462.312439859 0.7966666666666667 447.242097778 10.7337395811 436.508356781
405000 435.412792253 468.374646247 462.184420805 0.7900000000000001 447.151161423 10.6570216656 436.494140015
406000 434.31269361 467.109090429 460.873023959 0.7966666666666667 447.148699493 10.8017820525 436.34691597
407000 436.011738659 468.668620051 462.409586489 0.7900000000000001 446.901373825 10.389072876 436.512301636
408000 435.908100532 468.64831712 461.974013044 0.81 446.95651062 10.4859828281 436.470527344
409000 436.106849923 468.520971859 461.498931081 0.79 446.772260284 10.2842864561 436.487973862
410000 436.278129818 468.62434968 462.090729109 0.8233333333333336 446.900886078 10.483382597 436.417501907
411000 437.244872931 469.548116454 463.692057333 0.81 447.025490875 10.3901848888 436.63530777
412000 435.389820712 468.046606814 461.815459268 0.8000000000000002 447.136999588 10.7592023826 436.377796555
413000 436.522955271 468.817195853 462.942388645 0.8066666666666668 447.006341629 10.5034172678 436.502924728
414000 435.264696759 468.02204598 462.733273798 0.8066666666666668 446.962409363 10.5887567925 436.373653717
415000 435.486169704 468.512170334 462.978765938 0.8100000000000002 446.835078506 10.4515298462 436.383548431
416000 435.614733207 468.822272558 462.505292069 0.8100000000000002 446.915725937 10.5777594543 436.337968979
417000 435.776478226 468.662227816 461.70223106 0.8033333333333335 447.020002594 10.6780339193 436.341968765
418000 435.29018185 467.617041543 460.901007858 0.8066666666666669 446.806966324 10.5162049437 436.290762253
419000 434.191917911 467.303642583 461.225226919 0.8066666666666669 446.932451401 10.6973861122 436.235064926
420000 435.599291845 468.118319025 461.715058076 0.8133333333333336 447.153058395 10.7924174547 436.360638504
421000 437.266580071 469.983195105 463.436939656 0.8000000000000003 446.894214859 10.2881345081 436.606082764
422000 435.285249798 468.397463321 462.782647837 0.8133333333333336 446.995616913 10.5798679948 436.415749283
423000 435.936314416 468.640507822 461.82701188 0.8133333333333336 446.810034332 10.3973377705 436.412697067
424000 435.496594017 468.487380634 462.241749589 0.8133333333333335 446.838124313 10.4898041272 436.348319321
425000 434.824074061 467.882246534 461.789455719 0.8166666666666669 446.769577332 10.5213546896 436.248222733
426000 434.811447603 468.473891729 462.897686671 0.8033333333333335 446.811908264 10.4501436186 436.361763458
427000 436.103207073 468.575825406 463.517480071 0.8000000000000003 447.092887115 10.5684664345 436.524419327
428000 434.519910493 468.203068012 462.777938164 0.8066666666666669 446.932917938 10.5134549928 436.419463501
429000 434.454884955 468.095746607 461.602071895 0.7933333333333336 446.960140457 10.5647883224 436.395352097
430000 433.106944201 467.616467904 460.447869727 0.8000000000000002 446.680436401 10.4963013792 436.18413475
431000 435.20724359 468.088006929 461.896468139 0.7966666666666665 446.921033859 10.5711637926 436.34986908
432000 433.785201281 467.62940681 460.832271762 0.8133333333333336 446.861547775 10.5753480005 436.286199417
433000 435.212067466 468.00367185 461.187249994 0.79 447.001565094 10.601117177 436.400447693
434000 434.821205693 467.628369045 460.162531814 0.8166666666666668 446.882825928 10.4849897861 436.397837296
435000 434.601217114 468.865161309 461.874696052 0.7933333333333333 447.010226059 10.5510844827 436.459143295
436000 435.565899267 468.914028952 462.374764992 0.8066666666666665 447.035857773 10.4743116975 436.561546173
437000 434.982329693 468.493580324 461.795277694 0.8066666666666668 446.944496536 10.4691040611 436.475393219
438000 436.846117257 469.525247545 463.588848332 0.8066666666666669 447.312418365 10.5689649916 436.743453217
439000 434.573532119 467.279499899 461.847306318 0.8133333333333335 446.884130249 10.4687388492 436.415389938
440000 434.813723574 467.301289765 461.536789668 0.81 447.016339111 10.5959815073 436.420357285
441000 434.339946794 468.072538361 461.294507599 0.8033333333333335 446.991895599 10.6098127174 436.382081985
442000 434.708331527 468.28363827 460.898974369 0.8100000000000002 446.95263092 10.5413389373 436.411292496
443000 434.327244726 467.998666295 461.082907124 0.8200000000000002 447.065936432 10.7084232855 436.357513123
444000 434.167719147 467.780860026 460.542915931 0.8166666666666668 446.749381866 10.3933322954 436.35605011
445000 434.887412336 467.873910128 461.201064311 0.8133333333333336 446.805001602 10.386839354 436.418162766
446000 435.217621151 468.253230062 461.057140265 0.82 446.993689957 10.498926487 436.49476265
447000 435.301898323 468.033746911 461.5610999 0.8200000000000002 446.954321976 10.4986526012 436.45566925
448000 434.089858754 467.672672447 461.032447422 0.8133333333333336 447.039541779 10.7026971292 436.336846008
449000 435.710334529 468.670986884 462.25229656 0.8200000000000002 447.29792717 10.7575867367 436.540343246
450000 436.090407516 469.757590463 463.55303818 0.8100000000000002 446.908151016 10.2916390681 436.616510468
451000 434.068945168 466.446385994 460.681351914 0.8233333333333335 447.034236603 10.7088125753 436.325423126
452000 434.265822532 466.869417679 461.057014422 0.8133333333333335 446.935285721 10.6190660191 436.316220474
453000 435.608546439 468.458688463 462.80296483 0.8133333333333336 446.784742203 10.3183278465 436.466415253
454000 434.232651536 467.214929552 461.339592538 0.8266666666666667 447.05810997 10.8256125164 436.232495575
455000 434.525618912 468.103666458 462.565140116 0.8066666666666665 446.844812927 10.4499726582 436.394839249
456000 433.331178683 466.665560127 461.016103826 0.8066666666666669 446.710726776 10.481644299 436.22908165
457000 432.67681586 466.089179351 460.073860029 0.8033333333333335 447.051172333 10.9054030418 436.145768051
458000 435.074215788 467.532777653 460.941611462 0.8100000000000002 446.986385651 10.5634747362 436.42291008
459000 433.447524997 465.914429374 460.204596109 0.8166666666666668 446.859259262 10.6323835897 436.22687706
460000 434.615315952 467.082594682 461.78699676 0.8100000000000002 446.923777008 10.5631415606 436.360635681
461000 434.532991293 467.37484851 461.414078626 0.8033333333333335 446.76774498 10.419692049 436.348053818
462000 434.746235488 467.40089977 462.337422883 0.8000000000000002 446.67630661 10.3078977561 436.368409042
463000 433.590004644 466.206294867 459.990829938 0.81 446.942182465 10.7040121031 436.238172607
464000 435.154840099 467.972847545 461.69915673 0.8133333333333335 446.699519348 10.2826177216 436.416903305
465000 432.999168251 466.731391224 459.702127151 0.8 446.875906525 10.7321029258 436.143803711
466000 434.111070196 466.942413054 460.831896339 0.8066666666666668 446.851428604 10.6115446281 436.239884796
467000 434.618366279 467.464536379 462.22862599 0.8033333333333332 446.86296669 10.5091984224 436.353767014
468000 434.361855429 467.79552818 462.449212002 0.8066666666666669 446.695441284 10.3915475607 436.303892517
469000 434.569523689 466.75613803 461.406681522 0.7966666666666667 446.741299438 10.4048078346 436.336492996
470000 434.872802606 467.710953883 462.588739883 0.7966666666666667 446.888387604 10.4409939718 436.447393799
471000 435.082718647 467.984772503 462.638789932 0.7933333333333334 446.963479919 10.5488081217 436.414670868
472000 433.459883693 466.093047798 461.328833763 0.8 446.858781662 10.7017207003 436.157060318
473000 433.538260807 467.029305502 461.949659391 0.8066666666666668 446.823922119 10.6028501272 436.221071014
474000 433.314152799 466.504073883 461.258551738 0.8033333333333335 446.76725975 10.5460723257 436.22118866
475000 434.04780533 466.969850285 461.822718893 0.8066666666666669 446.892945251 10.6508748269 436.24206871
476000 434.695261817 467.036397757 461.757446652 0.8066666666666669 446.84303833 10.5407892966 436.30224823
477000 433.739903337 466.069923126 460.477272493 0.8033333333333335 446.751462479 10.5583380008 436.193122864
478000 433.710131407 465.825084343 460.539514871 0.7966666666666667 446.862562408 10.6390065432 436.223555603
479000 433.982982101 466.732468324 460.544643508 0.7966666666666669 446.891055679 10.5969048357 436.294149857
480000 434.4928064 466.782822517 461.569208106 0.8066666666666668 447.031357117 10.7013961411 436.329959488
481000 432.99963088 465.908378506 460.29466102 0.8133333333333335 446.61479187 10.4554504395 436.159341431
482000 435.324524478 467.639658215 462.678845385 0.81 446.686834488 10.2617945218 436.425038986
483000 434.232103969 466.714614608 461.273741777 0.8100000000000002 446.813914566 10.4893004656 436.324614563
484000 433.933159474 466.706483378 461.223933396 0.8100000000000002 446.852641602 10.5745861244 436.278055725
485000 433.478335127 465.312015071 460.627149023 0.8200000000000002 446.793277359 10.6145032024 436.178774109
486000 433.910770428 465.839075198 460.691253561 0.8000000000000003 446.761116867 10.543119545 436.217997589
487000 434.896468395 467.115406462 461.582268973 0.8 446.837714157 10.4958893824 436.341822968
488000 434.197277591 466.831990585 461.432719399 0.7966666666666669 446.854463043 10.5838712239 436.270589828
489000 433.650260978 465.960266663 459.553608971 0.8000000000000002 446.899489288 10.7209322357 436.178555298
490000 434.609094418 467.511959899 461.523621989 0.806666666666667 446.987798386 10.5898591185 436.397941208
491000 433.739909739 465.878844996 460.564667789 0.8133333333333336 446.974826355 10.7572976303 436.217531967
492000 434.260389014 465.882952493 460.59266527 0.8033333333333336 446.889942245 10.6534064054 436.236535034
493000 434.927112746 466.944346233 462.284315875 0.8133333333333337 446.656336975 10.3000379562 436.356298828
494000 434.680427815 466.297122016 460.783711376 0.8066666666666668 446.912514267 10.6479760146 436.264539185
495000 436.130653808 468.348887915 462.376118733 0.7866666666666667 446.803357162 10.3349832296 436.468373108
496000 435.355134537 467.279627943 461.886245546 0.7933333333333334 446.758584747 10.3808264542 436.377758865
497000 435.292323164 467.261929896 461.059403745 0.7933333333333334 446.789981613 10.3988654423 436.391116867
498000 434.210651819 467.192454674 461.188778154 0.7866666666666668 446.847745743 10.5393335485 436.30841156
499000 434.468686676 467.210325369 461.737648078 0.8000000000000003 446.830711288 10.5321256399 436.298586578
500000 433.621536471 465.634180923 460.515170461 0.8 446.86306282 10.683632257 436.179429398
501000 434.480248576 466.167964659 460.738418912 0.7966666666666667 446.854788132 10.6365552378 436.21823288
502000 434.12695113 466.435261972 460.797646853 0.7833333333333333 446.757334366 10.4817189956 436.275616531
503000 433.493811412 466.17891193 460.202867408 0.7866666666666666 446.824951782 10.6052577496 436.21969429
504000 433.949562215 467.144116009 461.851891526 0.8 446.801836853 10.5217785978 436.280057144
505000 432.013133646 465.741118366 460.057040915 0.8000000000000002 446.756757965 10.6934458804 436.063313065
506000 433.224639509 467.239078383 462.189118626 0.8066666666666669 446.818153839 10.5891450548 436.229010696
507000 432.572143632 465.898810181 460.907357188 0.79 446.62830452 10.5725303793 436.055773392
508000 433.204832266 465.742855745 460.178132379 0.79 446.70669693 10.6146317029 436.092065735
509000 432.526762164 465.410073872 459.509967388 0.8 446.803031616 10.7955756903 436.007457352
510000 432.999426138 466.279787051 460.557145676 0.8033333333333335 446.776344299 10.6966284966 436.079714813
511000 433.315169664 467.259133231 461.386324063 0.8033333333333335 446.720612106 10.6494289589 436.071184311
512000 432.151944102 466.554399178 460.745738273 0.7833333333333334 446.69678688 10.6882586884 436.008529282
513000 432.550931709 465.756518747 460.382851928 0.8000000000000002 446.563191299 10.5300470138 436.033143463
514000 432.300212259 465.968391838 460.32726279 0.81 446.656298981 10.6719573045 435.984341736
515000 433.007189199 465.815504431 460.294587632 0.8133333333333335 446.776017227 10.6573236561 436.11869278
516000 433.109418153 466.036862304 461.353233048 0.8033333333333336 446.712160873 10.5869873142 436.125172119
517000 432.214165001 466.022276015 460.372753515 0.8033333333333335 446.626492233 10.6374099708 435.989082947
518000 432.857889979 465.362752201 460.395691245 0.81 446.845874023 10.8313446999 436.014529877
519000 434.543600183 467.264529063 462.122909063 0.8033333333333335 446.679558182 10.4822173071 436.197340012
520000 432.86240028 465.40185873 460.572133546 0.7966666666666669 446.929640884 10.9150884366 436.014552155
521000 434.05344642 467.122781596 462.806968198 0.8033333333333336 446.650819931 10.4268407249 436.223980408
522000 432.75106945 466.570197669 461.566834868 0.8000000000000002 446.703226089 10.6146918511 436.08853363
523000 432.708866966 466.223117628 461.478231876 0.7866666666666668 446.699320068 10.6302198267 436.069101563
524000 432.8604788 465.969693861 461.347077739 0.8033333333333335 446.624970093 10.5379535723 436.087017059
525000 431.754054773 465.649041644 460.609309223 0.8066666666666668 446.678938522 10.6915720153 435.987364044
526000 432.383466226 465.90294656 461.158722946 0.8066666666666668 446.532426071 10.4801569271 436.052269363
527000 432.316708427 465.736053073 460.132216305 0.8066666666666668 446.682755203 10.6586875391 436.024068375
528000 432.748683534 466.422859068 461.357574923 0.8000000000000002 446.828691406 10.6933615971 436.135330811
529000 433.934244955 466.149068775 461.835525143 0.8033333333333336 446.72491188 10.5380960321 436.186817322
530000 433.803776457 466.042830769 461.252195027 0.8000000000000003 446.64536972 10.4987268209 436.146644135
531000 432.679417009 465.987939655 460.310362012 0.8166666666666668 446.78314209 10.7331105423 436.050030746
532000 433.165787254 466.326750469 461.601455033 0.8033333333333335 446.708383026 10.5330162811 436.175363235
533000 432.772355069 466.225404748 461.095081863 0.8133333333333336 446.610185089 10.5221231651 436.088061066
534000 432.078325148 465.424651766 460.290069889 0.8100000000000002 446.712606735 10.6568246317 436.055780029
535000 431.828513652 465.796329502 460.835443394 0.8000000000000002 446.791174164 10.7467431855 436.044431915
536000 432.804568919 466.724736748 461.666234968 0.7933333333333334 446.756698456 10.5824201822 436.174278564
537000 432.326675317 466.260419917 461.104112344 0.7933333333333334 446.739124069 10.6397255135 436.09939743
538000 431.428057043 464.954009289 460.230638297 0.8033333333333336 446.62933075 10.671320467 435.958010788
539000 432.958427244 466.412842539 461.15396017 0.8066666666666669 446.438921432 10.3399673986 436.098954773
540000 432.853784544 465.447528709 460.477421245 0.8100000000000003 446.623658676 10.5487821579 436.074876099
541000 432.334252766 465.789405962 460.21590551 0.8200000000000003 446.555355682 10.544758749 436.010597305
542000 433.255668868 466.208025144 461.484615513 0.8033333333333336 446.560703278 10.4254433775 436.135260544
543000 432.342462125 465.651498888 460.150131138 0.7866666666666667 446.674121017 10.6447567797 436.02936409
544000 432.353177202 465.575218445 460.55278555 0.7933333333333334 446.661673508 10.6024729609 436.059198761
545000 432.843696047 466.381402729 461.635225362 0.8000000000000002 446.745517502 10.623056705 436.122463226
546000 432.01003577 465.240438963 459.997822721 0.79 446.584509811 10.5754311013 436.009077682
547000 433.455806636 467.094886158 461.83323343 0.8033333333333335 446.597303619 10.3554847455 436.241818237
548000 432.560102275 465.420584512 460.12773634 0.8033333333333336 446.712730408 10.62627141 436.086459732
549000 433.222351249 466.666366783 462.028713698 0.796666666666667 446.754708405 10.4939363861 436.260771484
550000 432.394516974 465.703854706 460.198424283 0.8000000000000002 446.599141998 10.5039958525 436.095146408
551000 433.31339325 465.782468844 460.904417738 0.8000000000000002 446.766846085 10.5947358036 436.172110443
552000 433.813004665 466.479387416 461.524397761 0.7966666666666669 446.704703064 10.4379580355 436.266745453
553000 433.482354888 466.199399501 460.734638534 0.8100000000000002 446.799460602 10.5994978762 436.199961853
554000 432.09900279 465.844775919 460.20308388 0.8133333333333335 446.828875885 10.7527334952 436.07614151
555000 432.006834286 465.849470894 459.726924901 0.8033333333333335 446.912189941 10.8590610099 436.053128128
556000 432.929376234 466.950355277 461.107268919 0.8033333333333336 446.747143784 10.5735671711 436.173575134
557000 433.172053512 465.558092319 460.01987688 0.8033333333333336 446.848985367 10.6362613869 436.212724915
558000 433.27489823 465.949404108 460.739698723 0.7966666666666669 446.927790146 10.7211036801 436.206686096
559000 432.74086858 465.739984992 460.734085702 0.8133333333333336 446.822929382 10.6694335127 436.153496857
560000 431.480862773 465.559959213 460.080234983 0.806666666666667 446.787487259 10.7311462975 436.056340256
561000 431.824421824 466.122569944 460.694554289 0.8033333333333335 446.892289352 10.8049933195 436.087296753
562000 430.997984432 465.16716545 459.559353873 0.8133333333333336 446.674411163 10.7165515471 435.957857895
563000 431.80265668 466.748679576 460.684957345 0.8033333333333337 446.669690475 10.5827861738 436.086902924
564000 432.166087621 466.388100024 460.153064111 0.8000000000000003 446.659112396 10.5669479823 436.09216423
565000 432.179666848 465.582436035 459.630301003 0.7933333333333334 446.73256958 10.6548453331 436.077723846
566000 431.729356505 465.551367806 459.957708363 0.7966666666666667 446.729164658 10.7307480764 435.998415451
567000 431.724659157 465.108033811 459.257625717 0.7933333333333334 446.818630447 10.8321253586 435.986504669
568000 432.456839751 465.124644371 459.751851084 0.8 446.786799164 10.7042760849 436.082524338
569000 431.966350553 465.291641029 459.811772705 0.8033333333333336 446.829191132 10.7682000875 436.060989456
570000 432.434097634 465.69541095 460.347812901 0.8133333333333336 446.694838867 10.5772221375 436.117619095
571000 431.764903127 465.275069441 460.260407916 0.8000000000000002 446.800149994 10.7452548099 436.05489624
572000 432.478367659 466.077693358 460.739413845 0.7933333333333334 446.642061615 10.5067964268 436.135265656
573000 432.319063644 465.989409805 460.86204255 0.8000000000000003 446.856115189 10.6882901382 436.167825699
574000 432.059287639 465.343722376 460.125540978 0.7900000000000003 446.805379562 10.6547602224 436.150618515
575000 431.469789708 464.940673021 459.618415842 0.8033333333333335 446.705819778 10.6866850662 436.019134521
576000 432.704011207 466.31309685 461.235256433 0.7933333333333334 446.658668594 10.453819499 436.204849625
577000 432.445096186 466.027798668 460.611705251 0.7933333333333336 446.698604126 10.5157542086 436.182850952
578000 432.061434059 465.365854101 460.29669911 0.7933333333333334 446.722922287 10.6346479702 436.088274689
579000 432.656146939 465.531452541 460.309011018 0.7966666666666669 446.7235849 10.5892725754 436.1343116
580000 432.025716172 465.146106552 459.686217493 0.8033333333333336 446.585515747 10.5283733821 436.05713974
581000 432.604730656 465.479924683 460.149788871 0.7866666666666667 446.776619339 10.6332480669 436.143371811
582000 431.354716286 464.781261714 458.991658963 0.8066666666666665 446.648216705 10.6656926155 435.982524567
583000 431.318544413 464.133591589 458.551181894 0.7866666666666667 446.743596649 10.7860354757 435.957559662
584000 432.260107918 464.564294691 459.628125831 0.8000000000000002 446.705849457 10.6302566147 436.075594177
585000 432.336381763 465.163060171 459.49726231 0.7933333333333334 446.795502777 10.6769579983 436.118545227
586000 432.977380981 466.080037166 460.029270014 0.7933333333333334 446.817535477 10.6224298763 436.195104752
587000 432.328955896 465.431932951 458.903854224 0.7933333333333334 446.777984238 10.6772892451 436.100695801
588000 432.277039646 465.063664458 459.283248343 0.7933333333333333 446.691110382 10.5887983108 436.102314758
589000 431.331419605 464.551573706 458.565605045 0.7833333333333334 446.64279541 10.6712682247 435.97152977
590000 432.324006328 465.077238862 459.516326129 0.7866666666666668 446.826598206 10.7059665012 436.120634308
591000 431.753159162 464.911771058 458.957764435 0.8000000000000002 446.543837662 10.4994199562 436.044416351
592000 433.086557496 465.752949057 460.475151785 0.7966666666666667 446.741873856 10.5224297714 436.219445419
593000 431.829827652 464.07913118 458.888700593 0.81 446.839147949 10.8341948223 436.004952927
594000 432.846901582 465.64886201 460.034781837 0.7800000000000001 446.666032562 10.4970991468 436.168934555
595000 432.572229631 465.397249706 459.69221728 0.8000000000000002 446.713943634 10.5892925787 436.124652939
596000 431.35053453 464.212523477 458.45827241 0.8066666666666668 446.633099518 10.6357171845 435.997382507
597000 432.37949488 465.239924148 459.727551456 0.7933333333333333 446.800310516 10.6649274349 436.135382767
598000 432.264614012 465.02804375 459.110080279 0.7966666666666667 446.6561763 10.5391045547 436.117072296
599000 431.537993544 464.903123222 458.702203207 0.8066666666666668 446.687064209 10.687407701 435.999655457
600000 431.625868414 464.790848962 459.216386031 0.8066666666666669 446.550969238 10.4707215214 436.080246735
601000 431.222364977 464.694899699 459.176911615 0.8033333333333335 446.729325027 10.6922882795 436.037035828
602000 432.041497241 464.979615945 459.397813061 0.8066666666666668 446.635387421 10.5492774487 436.086113052
603000 432.501801533 465.292414488 460.010512653 0.7833333333333334 446.730415726 10.5512725663 436.179145279
604000 431.632180079 464.938649177 459.349043115 0.7966666666666667 446.535341797 10.5023199582 436.033019562
605000 430.752753641 463.884721896 458.459008112 0.7966666666666669 446.859237518 10.974901123 435.884335098
606000 431.619856363 465.199062225 460.105161034 0.8 446.64493927 10.620532217 436.024406586
607000 432.60178729 465.465295838 459.982204861 0.7933333333333334 446.695670853 10.579518671 436.116151733
608000 433.133947934 466.157967966 460.662455931 0.8033333333333335 446.689555359 10.4821549177 436.207401352
609000 432.470860229 465.35454364 460.404358229 0.8000000000000002 446.625885773 10.5520193672 436.073866043
610000 431.830572922 465.41370938 459.943392784 0.81 446.635852966 10.5800063205 436.055848083
611000 430.584473516 463.995520929 458.525183315 0.82 446.587528229 10.6967958379 435.890732498
612000 431.955055896 465.047285996 460.109894574 0.8133333333333335 446.58214447 10.5310150242 436.05112915
613000 432.734434433 465.448917364 460.079717621 0.8033333333333335 446.678889542 10.5668763018 436.112014847
614000 432.040537017 464.669341381 458.746623555 0.8000000000000002 446.819005966 10.8082836103 436.010722427
615000 431.676210932 464.68178962 458.832966734 0.8166666666666668 446.635627975 10.6481879854 435.987438202
616000 431.821734479 464.834921662 458.918980345 0.7966666666666667 446.779918671 10.7676871157 436.012233353
617000 431.31468089 464.095658092 458.598800407 0.7966666666666669 446.747162323 10.8388794708 435.908284912
618000 431.995002112 464.360254298 458.746718123 0.8033333333333335 446.747118454 10.7385450864 436.008573227
619000 431.868925885 464.468487436 459.198202472 0.8166666666666669 446.620596008 10.6172591972 436.003336105
620000 431.721009948 464.304793694 459.34375731 0.8100000000000003 446.483781967 10.4941320753 435.989649963
621000 432.358859758 464.571410434 459.55373448 0.8133333333333335 446.669988403 10.5892747402 436.080712051
622000 431.598343085 464.874661729 458.888284201 0.8100000000000002 446.651165009 10.6490141129 436.002151031
623000 431.57816747 465.017943454 459.361141548 0.8066666666666669 446.674116211 10.6783567572 435.995759659
624000 431.320505509 464.714953731 459.131273507 0.8133333333333336 446.580105896 10.599670825 435.980434723
625000 431.489017567 464.243048391 458.814144857 0.8066666666666669 446.679639893 10.7400037336 435.939637375
626000 432.588747908 465.088512904 459.674651966 0.806666666666667 446.623330994 10.5561467218 436.067182846
627000 431.626272246 464.612986701 459.257281312 0.8100000000000003 446.664762192 10.6838084221 435.980952759
628000 431.585529223 464.762316392 459.258594389 0.8000000000000002 446.757865143 10.7707794619 435.987085114
629000 431.75650518 465.239329843 459.89674655 0.7966666666666667 446.615596771 10.5841986561 436.031398163
630000 431.416130253 464.842246477 459.617895648 0.8033333333333336 446.621596222 10.6432946301 435.978299103
631000 432.045014369 464.99546711 460.157711435 0.796666666666667 446.565868378 10.4962938285 436.069576035
632000 431.613050691 464.652528852 459.394028523 0.8000000000000002 446.574506302 10.5812832642 435.993223572
633000 432.27723064 465.441936281 459.772297169 0.7966666666666669 446.644332733 10.6099476433 436.03438446
634000 432.293654997 465.174339023 459.218625785 0.8000000000000002 446.756036682 10.6989449835 436.057090836
635000 432.485038176 464.921042292 458.84412082 0.8100000000000002 446.755959625 10.7459769392 436.009984055
636000 433.966309451 465.756795212 460.368274945 0.7933333333333334 446.665479431 10.4396868992 436.22579277
637000 433.07355035 464.917661528 459.490773848 0.8133333333333335 446.732754059 10.6363176489 436.096437454
638000 432.177221817 464.868670765 459.712976524 0.8133333333333336 446.569508743 10.5275678658 436.041940384
639000 431.706424033 464.719736249 459.771612711 0.8000000000000002 446.674243317 10.641237886 436.033004761
640000 431.750613965 465.033998802 459.507958918 0.8033333333333336 446.724603958 10.7081602049 436.016443405
641000 431.483764941 464.295689217 459.53838071 0.8066666666666669 446.653203354 10.6765268803 435.976676025
642000 431.377596215 464.319050365 458.772404556 0.8000000000000002 446.58532959 10.6471662354 435.938164062
643000 431.679935472 464.00999836 458.483646806 0.7966666666666667 446.616583862 10.6785100603 435.938074112
644000 431.473562181 464.655048474 459.053424348 0.8 446.712191391 10.698999536 436.013191681
645000 431.908124789 465.227203578 459.841612173 0.8033333333333336 446.759665222 10.7067146778 436.052950439
646000 431.200819676 464.224492694 458.718832244 0.8133333333333336 446.666768951 10.6821975613 435.984570541
647000 431.816161359 465.292150418 459.83491165 0.8033333333333336 446.624578323 10.5513926744 436.07318428
648000 431.953290528 465.642901246 459.794073936 0.8033333333333335 446.655168991 10.567591877 436.087577896
649000 431.623303994 464.875359453 459.189583995 0.8000000000000002 446.631132126 10.5808808923 436.050250931
650000 431.995317145 465.280597724 459.92628536 0.8100000000000002 446.717356339 10.6364879417 436.080866776
651000 430.950809171 463.946296247 458.016772604 0.8066666666666669 446.729407578 10.792353425 435.937052841
652000 432.712906276 465.371548083 459.725148944 0.7966666666666669 446.693876495 10.5106342363 436.183242035
653000 431.930520392 464.307384768 458.828668031 0.7933333333333334 446.761951141 10.7237845898 436.03816864
654000 432.495405141 465.193672145 459.623968081 0.7933333333333334 446.649697342 10.5346807671 436.115018845
655000 431.641504018 465.017180203 459.505615619 0.7933333333333334 446.790305023 10.759833889 436.030469437
656000 431.635174704 464.929367916 459.113342054 0.8033333333333335 446.600630569 10.5913534284 436.009276886
657000 431.898484826 464.880587599 459.611315546 0.8033333333333336 446.546951447 10.4860569072 436.060894547
658000 432.611371176 465.548039128 459.742737025 0.8066666666666668 446.672204666 10.5441014957 436.128100586
659000 432.107593364 464.264558549 459.339730595 0.8100000000000002 446.661737976 10.6174327898 436.044306412
660000 431.937993035 464.503540361 458.911282216 0.8133333333333336 446.672899475 10.6345799041 436.038317871
661000 432.431312811 464.616247247 459.097647988 0.8166666666666669 446.626773911 10.5533580971 436.073416214
662000 432.159680641 464.327806656 458.782159166 0.8166666666666669 446.781448975 10.7231067944 436.058341217
663000 432.407680321 464.354480655 458.672924123 0.8100000000000002 446.655122223 10.5691497946 436.085974655
664000 432.35321087 465.417154911 459.29575052 0.8000000000000002 446.889174652 10.753647747 436.135525742
665000 431.75429142 464.771979171 458.899224694 0.8200000000000002 446.749037094 10.6908971429 436.058140488
666000 432.070959037 464.778594381 459.355133158 0.8033333333333335 446.695526657 10.6114334297 436.084094467
667000 432.638345296 465.430084826 459.630404459 0.8000000000000002 446.733196945 10.5675518656 436.165644913
668000 432.629034504 465.765982117 459.713261167 0.8066666666666668 446.713444061 10.5523721385 436.161070862
669000 432.709317134 465.637368795 459.677126345 0.8066666666666668 446.731852036 10.6007483244 436.131102142
670000 431.856637489 464.756003453 458.789599071 0.8033333333333335 446.733545303 10.7150881147 436.018457108
671000 432.307985972 464.592681856 458.81646908 0.8066666666666669 446.548604507 10.4889114428 436.05969162
672000 431.490240047 464.232279717 458.677098275 0.8100000000000002 446.713480072 10.7433978868 435.97008194
673000 431.695129219 464.252496933 458.303694684 0.8133333333333336 446.663468628 10.665695405 435.997771225
674000 432.910298256 465.462069822 459.46896352 0.8033333333333335 446.720151367 10.5811010838 436.139050598
675000 432.708075431 465.264368846 459.650046696 0.8033333333333336 446.730831985 10.5774013042 436.153428421
676000 432.381435408 465.056642782 459.307051408 0.8066666666666669 446.745030518 10.6616337538 436.083398361
677000 431.446295701 464.33254727 458.325627889 0.8033333333333335 446.745465698 10.7773593473 435.968104935
678000 431.507439465 464.147584831 458.420738137 0.8100000000000002 446.612693329 10.6598097467 435.952882843
679000 431.566973159 464.38957074 458.788515056 0.8000000000000002 446.664628525 10.7116686296 435.952960892
680000 432.254815683 464.909732159 458.860652324 0.81 446.654328308 10.6328417969 436.021486816
681000 431.75982487 464.350684791 458.447488424 0.8033333333333336 446.554631424 10.5906172943 435.964013748
682000 431.532785264 464.692248867 458.816065109 0.8100000000000002 446.543005371 10.5780850744 435.96491806
683000 431.3115749 463.909953907 458.262334924 0.8100000000000003 446.53024971 10.6218531799 435.908395233
684000 430.999713187 463.684132826 458.145110818 0.8066666666666669 446.635502853 10.7542780972 435.881225662
685000 432.168711484 464.70729477 459.001436821 0.8000000000000002 446.672658157 10.635140183 436.037517548
686000 431.559108008 464.090792784 458.579788602 0.8066666666666668 446.644675064 10.7218738079 435.922800751
687000 432.78865285 464.962485197 459.453148817 0.8100000000000003 446.719661942 10.6376055765 436.082057266
688000 432.851287108 464.961580573 459.76060711 0.82 446.668715286 10.5914319754 436.07728302
689000 432.515385346 464.881814483 459.447362853 0.8000000000000002 446.584109726 10.562534771 436.021573029
690000 432.5624949 465.065448044 459.321679916 0.7966666666666669 446.678512115 10.6456370544 436.032875366
691000 431.315149816 463.813644855 458.13428089 0.8 446.670171661 10.7849414754 435.88523056
692000 431.782027607 464.593540696 459.160361034 0.8133333333333336 446.583752136 10.6231313825 435.960623627
693000 431.238845183 463.637234114 458.288052306 0.8000000000000002 446.81814003 10.9259665751 435.892173843
694000 431.361931389 463.951776726 458.297455667 0.8133333333333335 446.602878571 10.7138989878 435.888981323
695000 431.160560492 463.504008204 458.424188036 0.8100000000000003 446.525449982 10.6093267536 435.916122437
696000 431.830682098 464.035126202 458.812891734 0.8000000000000002 446.587568665 10.6294073391 435.958161163
697000 430.813581301 463.371031952 458.005324968 0.8033333333333335 446.4476017 10.5664779067 435.88112381
698000 431.289703871 464.269696349 458.8472576 0.8066666666666669 446.515134506 10.5738370323 435.941296539
699000 431.760206049 464.592955694 459.37044041 0.79 446.563539505 10.5820752335 435.981465454
700000 431.293623112 464.047191309 458.298847828 0.79 446.611783752 10.6980584097 435.913724594
701000 431.869929568 464.655281675 459.170696475 0.7966666666666667 446.583309326 10.589864502 435.993444595
702000 432.125420606 464.960349523 459.228323388 0.79 446.542669907 10.5259244514 436.016745834
703000 431.35814261 464.374289957 458.789646496 0.8 446.534369812 10.6026190662 435.931749725
704000 431.306702878 464.711653728 458.853742993 0.8000000000000002 446.517166519 10.5872096896 435.929957123
705000 431.532443226 464.777215744 459.529166866 0.7833333333333335 446.450231857 10.4732944083 435.976938934
706000 432.067887632 465.140707751 460.070498837 0.7933333333333334 446.58765358 10.575200119 436.012455521
707000 432.164014791 465.02492768 460.200032266 0.7833333333333334 446.567110367 10.5331728458 436.033936768
708000 432.238257151 464.874812861 459.837313804 0.7866666666666667 446.573954849 10.5441726136 436.029781952
709000 431.930252473 464.755526318 459.760782548 0.7866666666666667 446.528077316 10.4813018084 436.046777039
710000 431.908051968 464.872794459 459.983650043 0.7966666666666669 446.556901779 10.5184046078 436.038497467
711000 431.61912081 464.432818895 459.630838751 0.7933333333333334 446.582518616 10.5823198748 436.000198517
712000 431.279223642 464.609097843 459.379094711 0.7966666666666667 446.614513931 10.6390737438 435.975439606
713000 432.290967341 465.183173717 460.327356709 0.8066666666666669 446.555793076 10.4708328724 436.084957886
714000 431.540234685 464.828443703 459.328721346 0.8066666666666668 446.4989431 10.5151040554 435.983839722
715000 431.949503959 464.818249836 459.74839845 0.8000000000000002 446.541925278 10.5275725818 436.014351959
716000 431.336679287 464.47079667 459.284042314 0.7900000000000001 446.498828125 10.5654012418 435.933426361
717000 431.547294005 464.744636376 459.09724287 0.8033333333333335 446.579720154 10.586066072 435.993653793
718000 431.555980679 464.732002868 459.35666278 0.7933333333333334 446.592153625 10.6153857923 435.976768723
719000 431.57543469 464.955559425 459.536824758 0.8 446.485038834 10.4955622721 435.989477234
720000 431.851013639 464.880376467 459.898469084 0.7866666666666667 446.416611633 10.41138731 436.005223236
721000 431.475927505 464.473992991 459.084513309 0.7933333333333336 446.612031326 10.6752092505 435.936821976
722000 431.591143967 464.621524298 459.158012848 0.7866666666666668 446.594363861 10.6461859798 435.948176804
723000 431.357162447 464.462427852 458.719827236 0.7933333333333334 446.50805687 10.5793481016 435.928710327
724000 431.647443816 464.715494333 459.351504695 0.7933333333333334 446.516390305 10.5523724604 435.964017181
725000 431.262748386 464.029126275 458.696974421 0.7933333333333334 446.47523056 10.5700140715 435.90521759
726000 432.413363149 465.206515047 459.913259775 0.7866666666666668 446.565163422 10.484087534 436.081074219
727000 431.147198879 463.824565253 458.499123781 0.7966666666666669 446.509025497 10.5824482584 435.926576157
728000 431.020038052 464.077156298 458.870454525 0.7933333333333334 446.635218277 10.7359383845 435.899279404
729000 432.03272973 464.84927293 459.454275272 0.7866666666666667 446.636926193 10.6395277786 435.997397842
730000 431.245043052 464.387785713 458.781337136 0.8 446.513547058 10.581315546 435.932232971
731000 430.791032554 464.182562779 458.268909209 0.8000000000000002 446.580827026 10.6911831999 435.889643555
732000 431.362868573 464.293947711 458.70068741 0.8033333333333335 446.532112122 10.5615825367 435.970529251
733000 431.693611106 464.757184147 459.064314994 0.7966666666666667 446.591134338 10.5781556416 436.012978134
734000 431.800797597 464.753381277 459.374764587 0.7933333333333334 446.631996002 10.6236270618 436.00836998
735000 431.408501313 464.455448143 458.852956654 0.8066666666666668 446.533084869 10.5549270892 435.978158112
736000 431.143388642 464.108293815 458.690197992 0.7933333333333333 446.588144684 10.6672827101 435.920862808
737000 431.52781194 464.318513699 459.064214416 0.7966666666666669 446.492830276 10.5271884537 435.965640106
738000 430.989789281 464.391538503 458.802221721 0.7966666666666669 446.622518082 10.6985866022 435.923929825
739000 430.829093713 463.775048325 458.268517997 0.7933333333333334 446.580279541 10.6933935547 435.886886978
740000 431.33111699 464.304714244 458.691805207 0.8066666666666668 446.49730545 10.5514375305 435.945868835
741000 430.501875333 463.869036452 458.095463826 0.8033333333333335 446.542814713 10.7023754835 435.840438919
742000 430.994219893 464.463735678 458.750312839 0.8066666666666668 446.512116547 10.6054117966 435.906704407
743000 430.415278823 464.053412202 458.262271542 0.7933333333333334 446.601153717 10.7488247991 435.85232933
744000 430.607812241 464.23223937 458.332306459 0.8133333333333335 446.553608322 10.6898249984 435.863782349
745000 430.356770253 463.990757158 458.079673994 0.79 446.462321396 10.6275381351 435.834782333
746000 430.402438412 464.158038921 458.484471427 0.8 446.421936417 10.5877189112 435.834218979
747000 431.151169115 464.729402988 459.02174989 0.8000000000000002 446.582566605 10.6659176254 435.916647491
748000 431.071473356 464.418044642 458.908674544 0.8066666666666668 446.564927521 10.652788415 435.912139816
749000 430.464559687 464.145816464 458.205784322 0.8 446.538950653 10.6852449441 435.853705521
750000 430.982111677 464.521768189 459.060468468 0.7966666666666665 446.570481873 10.6576557446 435.91282692
751000 430.999626062 464.512531571 458.984964742 0.8033333333333335 446.455447769 10.5647378349 435.890708313
752000 430.447921792 463.985432535 458.52837227 0.7966666666666667 446.522234879 10.7104607058 435.811775284
753000 431.338090703 465.231023727 459.683066551 0.8100000000000002 446.460286942 10.4952216053 435.965065384
754000 431.11914729 464.670212226 459.366211588 0.7899999999999998 446.487636948 10.5891443682 435.898494339
755000 431.2895037 464.276886635 458.977663751 0.8 446.570355148 10.644925499 435.92542984
756000 430.928440517 464.086735777 458.930243133 0.7966666666666669 446.50752594 10.624541831 435.882985458
757000 430.826492478 463.693940294 458.574911056 0.8033333333333335 446.498385162 10.6423048925 435.856079865
758000 430.466330327 463.949363978 458.588812134 0.8033333333333335 446.493293762 10.6543771267 435.838917084
759000 430.764388857 464.101070161 459.233594377 0.7933333333333334 446.610424118 10.7173322725 435.893089828
760000 431.363670965 464.48943588 459.382433664 0.8000000000000002 446.459598236 10.4952008629 435.964398651
761000 431.119452259 464.356826261 458.996415108 0.8000000000000002 446.488403854 10.5743791246 435.914025879
762000 431.521940956 464.623033744 459.417791293 0.7966666666666669 446.472238235 10.5008456945 435.971391754
763000 431.235228029 464.190965141 459.379520067 0.7966666666666669 446.485259628 10.5450573683 435.940203476
764000 430.744244553 464.012809304 459.135956295 0.8100000000000003 446.545619202 10.6446879196 435.900933151
765000 430.653867117 464.009991676 458.623733859 0.8 446.549837265 10.6749350977 435.874903259
766000 430.744349156 464.292415371 458.784487127 0.8033333333333335 446.460012131 10.5877349472 435.872277145
767000 431.261136098 464.645319854 459.128533201 0.8000000000000002 446.608135147 10.6733562756 435.93478035
768000 431.604194592 465.065381738 459.607381622 0.8066666666666669 446.491327667 10.5173745966 435.973952103
769000 430.913162035 464.530195363 459.094749788 0.8 446.601856918 10.7306710243 435.871184845
770000 431.202866909 464.569419792 459.501710995 0.8033333333333336 446.507434082 10.6078413606 435.899590988
771000 430.729591777 464.41628124 458.965139212 0.8000000000000002 446.490102386 10.6221638179 435.867938385
772000 431.185091069 464.829037144 459.397622658 0.7966666666666669 446.447685013 10.5223100853 435.925376053
773000 430.230097159 464.015333892 458.623497732 0.8066666666666669 446.548705521 10.7613699174 435.787335663
774000 430.987456953 465.049379368 459.676647033 0.8033333333333335 446.461791992 10.5334729409 435.928316956
775000 430.761853622 465.071559905 459.570330561 0.7966666666666669 446.441644897 10.5543399239 435.887306061
776000 430.333090018 464.118020886 458.758605214 0.8066666666666669 446.368303452 10.5410967731 435.827206421
777000 430.229409942 464.302518486 459.057853858 0.8000000000000002 446.444164886 10.6226579237 435.821505585
778000 430.819835774 464.55346163 459.249940419 0.7966666666666669 446.469615555 10.583853507 435.885761414
779000 430.157743988 464.158157116 458.692584073 0.7966666666666669 446.433084488 10.6285434723 435.804542313
780000 430.502493883 464.501562615 459.181453909 0.8066666666666668 446.463609085 10.6174813223 435.846126938
781000 430.365831391 464.346672402 459.171205194 0.8 446.46408493 10.6257495403 435.838337097
782000 430.180614298 464.483428922 458.996435806 0.8100000000000002 446.44170166 10.6166893458 435.825014267
783000 430.20561665 464.352456376 459.249230483 0.8033333333333335 446.483514938 10.6572942734 435.826220245
784000 429.582122213 463.536817922 458.333617025 0.8133333333333335 446.482884674 10.7640412807 435.718841858
785000 430.066637599 464.208325686 458.657225371 0.8066666666666668 446.401266174 10.6292118812 435.77205368
786000 430.522021816 464.369552657 459.207970082 0.8033333333333332 446.383413925 10.5641407728 435.819276276
787000 429.949253909 464.112643543 458.874500853 0.8000000000000002 446.464217453 10.7014111042 435.762805786
788000 430.401768361 464.352936384 458.799401218 0.8033333333333335 446.436795349 10.6304784608 435.806319275
789000 430.671534018 464.577771108 459.377169088 0.8033333333333335 446.523774872 10.6956912136 435.828084869
790000 430.34456665 464.348076886 458.982610703 0.81 446.448625336 10.6775512934 435.771071472
791000 429.796731575 463.952678032 458.44791159 0.81 446.410068359 10.6848527718 435.725213547
792000 430.386548503 464.576989667 459.256522274 0.8033333333333332 446.428094406 10.6205011249 435.807594528
793000 430.333359115 464.390021367 459.225375634 0.8100000000000002 446.359730377 10.5615972137 435.798131104
794000 430.156355913 464.245871295 459.108612501 0.81 446.303172455 10.5537222385 435.749448776
795000 429.598713693 463.58598828 458.528074914 0.8 446.359347305 10.6898447561 435.669502716
796000 430.1304446 464.295944915 459.238659658 0.8033333333333335 446.463783951 10.7235647631 435.740218964
797000 430.092534915 463.757531118 458.813973441 0.8066666666666669 446.429709702 10.7120162487 435.717694473
798000 430.926944219 464.520941624 459.528279959 0.8000000000000003 446.501454315 10.6537198186 435.847734299
799000 430.324218464 464.07619842 459.065975093 0.8000000000000002 446.491882782 10.7269173765 435.764965897
800000 430.445627005 464.332689793 459.10218179 0.8066666666666668 446.402864227 10.6199033332 435.782960052
801000 430.492415677 464.502739174 459.481776241 0.7966666666666667 446.439906387 10.6230254841 435.816882629
802000 431.114477077 464.684871971 459.62995793 0.8033333333333335 446.37275383 10.493611989 435.879143372
803000 430.607571408 464.178319808 458.973967812 0.8000000000000002 446.471848526 10.6644695759 435.807379074
804000 431.409094844 464.939840791 459.582552821 0.8033333333333336 446.495436249 10.5726078486 435.922825394
805000 430.400254219 464.110242345 458.526996146 0.8066666666666669 446.50173996 10.7086571646 435.793082962
806000 430.322112392 463.971363436 458.516254241 0.8033333333333335 446.47407486 10.7199815845 435.754092484
807000 430.62062177 463.949944822 458.820873677 0.8100000000000002 446.462870712 10.6681508684 435.794719543
808000 430.447001411 464.147423983 458.73680345 0.8033333333333335 446.405197449 10.6294012928 435.775795593
809000 430.439731774 464.175274562 458.89884198 0.8033333333333335 446.386684799 10.5719717884 435.814712372
810000 430.486825006 464.339494129 459.168226444 0.8 446.368862228 10.5286703181 435.840193939
811000 430.278769879 464.093072837 458.746849189 0.7933333333333334 446.453232498 10.6508128405 435.802421265
812000 430.660884717 464.392705322 458.963938833 0.7933333333333334 446.430232697 10.5879680347 435.842267227
813000 431.029145771 464.44100624 458.8857827 0.7933333333333334 446.467464294 10.6048030853 435.862662201
814000 430.256112041 463.626697276 458.311571007 0.7933333333333334 446.535901108 10.7846273351 435.751275558
815000 430.533188209 463.621318522 458.412798169 0.8000000000000002 446.442521896 10.6481788015 435.794344177
816000 430.614945861 464.003583663 458.670363471 0.7966666666666669 446.502110596 10.6847898769 435.817320938
817000 430.199086961 463.785676268 458.61696455 0.8 446.398477249 10.6061611938 435.792314987
818000 429.568604601 462.824358298 457.782148268 0.7966666666666667 446.426580734 10.7266219616 435.699960022
819000 430.553117694 464.008497381 458.916400544 0.7866666666666667 446.379644775 10.5495648527 435.830079269
820000 430.226519858 463.83395338 458.741162543 0.8 446.457604141 10.6533623195 435.804241333
821000 430.615004548 464.133322473 458.59184951 0.7933333333333334 446.47361496 10.6416633821 435.831949844
822000 430.652004614 463.776211236 458.512532203 0.7966666666666669 446.356288834 10.5225611758 435.83372467
823000 430.187088965 463.0670207 458.155615845 0.8066666666666669 446.470216141 10.7133638859 435.756852798
824000 430.654714908 463.834245987 458.861295473 0.7966666666666669 446.466499939 10.6418398142 435.824662018
825000 430.426967109 463.756729709 458.772103495 0.8033333333333335 446.45387619 10.6412899375 435.812586823
826000 430.959836089 464.232790588 459.228044662 0.79 446.480948029 10.6078532028 435.873094254
827000 430.960075556 463.80683248 458.687782699 0.7933333333333334 446.452432785 10.605421133 435.847012558
828000 430.97889045 463.98895921 458.684220335 0.8033333333333335 446.413943024 10.5644011641 435.84954422
829000 430.510124112 463.818777747 458.734559708 0.8 446.454195175 10.6354823947 435.818711853
830000 430.72348252 463.764230871 459.087674772 0.8066666666666669 446.465253983 10.6073755479 435.857876663
831000 430.646434337 464.021539399 458.8560291 0.8000000000000002 446.461912003 10.6275112581 435.834400558
832000 430.147310994 463.478051875 458.478959462 0.7866666666666668 446.449217834 10.6491116476 435.800105209
833000 430.159316218 463.603808958 458.61993419 0.7966666666666669 446.487160339 10.6971060395 435.790055313
834000 429.994495539 463.594387152 458.642800973 0.7966666666666669 446.374735107 10.6015141964 435.773223267
835000 430.22997086 463.905817595 458.807707965 0.8000000000000002 446.395176392 10.5930880308 435.802087631
836000 430.237732346 463.627440127 458.704286643 0.8033333333333335 446.433467789 10.6489626169 435.784505005
837000 430.699379947 464.384285599 459.054898674 0.7933333333333334 446.490529938 10.6343963408 435.856132278
838000 429.840945107 463.256493563 457.931425133 0.8066666666666668 446.497580338 10.7519900918 435.745589752
839000 429.760308241 463.201730367 458.207924992 0.8033333333333335 446.483338318 10.7524722743 435.730866852
840000 430.540339788 463.38403769 458.522134226 0.7966666666666669 446.482683258 10.683581481 435.799103928
841000 430.642269541 463.441590158 458.825010963 0.8033333333333335 446.430651245 10.5997657275 435.83088501
842000 430.615861794 463.848290328 458.980851014 0.7933333333333334 446.509698563 10.6740253544 435.835671387
843000 431.140314511 464.037326149 459.280250293 0.7933333333333334 446.464161987 10.5799267268 435.884234619
844000 431.524368588 464.615426358 459.800179595 0.79 446.456522751 10.5236959791 435.932826233
845000 430.285591016 463.280143953 458.340904678 0.8033333333333335 446.484892197 10.7243586636 435.760534973
846000 430.597645322 463.498732246 458.915246062 0.8066666666666669 446.434866257 10.6193171287 435.815552292
847000 431.103920152 464.243437535 459.561481241 0.8033333333333335 446.446580124 10.5679721141 435.878608017
848000 430.91083263 463.847157934 459.059181347 0.7966666666666669 446.434816208 10.5740997505 435.860715027
849000 430.808955781 464.071507336 459.244236592 0.8000000000000002 446.518567429 10.6604415464 435.858128052
850000 430.590856787 463.782870145 458.829224064 0.7966666666666669 446.465308838 10.6419161582 435.823390579
851000 430.448035626 463.701402483 458.777567975 0.8000000000000002 446.394468994 10.5829385853 435.811529846
852000 430.754763544 463.850475011 458.907500642 0.8033333333333335 446.480478516 10.6228445292 435.85763382
853000 430.655159696 463.774817807 459.101005201 0.8033333333333335 446.488168411 10.6676474142 435.820520401
854000 430.934672451 463.921208697 459.189178826 0.7966666666666669 446.439648819 10.5798012137 435.859846649
855000 430.561741355 463.414122455 458.641346658 0.8033333333333335 446.408761292 10.6141447496 435.794615555
856000 430.528113605 463.550868867 458.909987993 0.8033333333333335 446.455334091 10.6373808169 435.817954407
857000 430.869493602 463.699273113 459.066767552 0.8066666666666669 446.481687393 10.6256752753 435.856011505
858000 430.105667031 462.982018157 458.261000092 0.8100000000000003 446.494183655 10.7393126369 435.754871063
859000 430.107263069 463.38179804 458.681443346 0.7966666666666669 446.517337646 10.7537037206 435.763632889
860000 430.260590582 463.471192377 458.741776378 0.8100000000000003 446.426736755 10.645671773 435.78106514
861000 430.344516781 463.595545995 458.826175158 0.8100000000000003 446.430021515 10.6322255182 435.797797089
862000 430.590337597 463.539390471 458.843488835 0.8066666666666669 446.466986313 10.6566710949 435.810313187
863000 430.238725412 463.507912423 458.682670134 0.7966666666666669 446.518918381 10.7376397657 435.781278
864000 429.900885987 463.056910504 458.187982191 0.8000000000000002 446.49263649 10.7662808371 435.726355133
865000 430.354924049 463.51084659 458.848774438 0.8033333333333335 446.434460144 10.6483149385 435.786143188
866000 430.226861719 463.222278954 458.682282945 0.8000000000000002 446.457393417 10.6813717532 435.776019897
867000 430.402904939 463.383021961 458.703917324 0.7933333333333334 446.453119354 10.6686144686 435.784506226
868000 430.042157161 463.280452364 458.30374398 0.8000000000000002 446.450947418 10.7119569302 435.73898941
869000 430.780161765 463.916920808 458.87985942 0.8033333333333335 446.390804749 10.5530995798 435.837705002
870000 430.602099188 463.734492916 458.983891333 0.8000000000000002 446.480228653 10.6888803816 435.791348419
871000 430.969166462 464.024389566 459.230935748 0.8000000000000002 446.525447159 10.6845780134 435.840868301
872000 430.7516042 463.847149409 458.939425316 0.7966666666666669 446.458701477 10.6546908188 435.804009781
873000 430.533156031 463.815982471 458.806052919 0.8000000000000002 446.501125183 10.7103446245 435.790782394
874000 429.998026737 463.38211701 458.481477632 0.8033333333333335 446.452712097 10.7229977345 435.729713364
875000 429.972341477 463.542244123 458.237922298 0.8000000000000002 446.416058884 10.6722285557 435.743829193
876000 430.471245484 463.641443039 458.560541069 0.7966666666666669 446.425420532 10.641386199 435.78403183
877000 430.861402788 464.196473815 459.105663922 0.7933333333333334 446.415888519 10.5547348976 435.861152039
878000 430.052086008 463.661201828 458.402676271 0.7966666666666669 446.412102509 10.6482986331 435.763805008
879000 430.01621648 463.476992196 458.393169644 0.8033333333333335 446.41555336 10.656993382 435.758559799
880000 430.332596732 463.645381876 458.610134981 0.8000000000000002 446.398619385 10.5996818566 435.798941574
881000 430.641756321 464.078218976 459.082772527 0.7966666666666669 446.394791031 10.549335134 435.845455551
882000 430.602902428 463.744288487 458.768371476 0.8000000000000002 446.500529327 10.6699753451 435.830555649
883000 430.426400855 463.501680878 458.740288705 0.7966666666666669 446.537960739 10.719203434 435.81875618
884000 430.030743095 463.401912683 458.55416393 0.8033333333333332 446.450018005 10.6857688904 435.764249878
885000 430.342346819 463.525470321 458.678462861 0.79 446.344041214 10.5371283865 435.806911392
886000 430.16322956 463.538626487 458.648644475 0.8033333333333335 446.442576752 10.6503951883 435.792182541
887000 430.450301146 463.961033642 459.11408859 0.7933333333333334 446.422036438 10.5851753163 435.836861725
888000 430.003945356 463.540250991 458.620211878 0.8033333333333335 446.366869583 10.6018846297 435.764985504
889000 429.854767955 463.287388976 458.327262488 0.8 446.36632103 10.6307054901 435.735615997
890000 429.988225463 463.453917571 458.582131105 0.7966666666666669 446.449943085 10.6910047317 435.758937836
891000 430.650493736 463.908373164 459.242577011 0.8033333333333335 446.451903915 10.6126833868 435.839223328
892000 430.110295441 463.618622553 458.816245369 0.8000000000000002 446.507146912 10.7342056942 435.772941895
893000 430.014233187 463.663990537 458.754182685 0.8066666666666669 446.447904129 10.6747810173 435.77312294
894000 429.788835547 463.186925986 458.2323196 0.8133333333333336 446.495727692 10.7496127343 435.746114349
895000 430.052621568 463.703168546 458.639089283 0.8066666666666669 446.496927338 10.712726872 435.784202423
896000 429.99162788 463.817637347 458.649739306 0.8000000000000002 446.477616425 10.6997234511 435.777892914
897000 430.360081696 463.939725956 458.832630734 0.7933333333333334 446.502820358 10.6730004692 435.82981987
898000 430.029584587 463.86913003 458.690991072 0.8066666666666668 446.450782318 10.656688242 435.794094543
899000 430.173667143 463.984744871 458.842974462 0.7966666666666667 446.54474144 10.7169236159 435.827816238
900000 430.021608486 463.781887925 458.608100422 0.8033333333333335 446.478497238 10.6776725745 435.800824585
901000 429.846052755 463.46222903 458.48462584 0.8033333333333335 446.392028656 10.6336627626 435.758365021
902000 429.599665146 463.378543234 458.417512933 0.8000000000000002 446.560579453 10.828950448 435.731628952
903000 429.840799911 463.285593283 458.486057323 0.8000000000000002 446.567893143 10.8097433233 435.758147888
904000 429.998829276 463.496473135 458.65668687 0.8000000000000002 446.490231857 10.7077368879 435.782496719
905000 430.33175964 463.565285385 458.7206258 0.8 446.499965057 10.6929842043 435.806980209
906000 430.556788826 463.87484225 458.930732396 0.8033333333333335 446.423123474 10.5928855753 435.830239716
907000 430.212290839 463.525892686 458.424795806 0.8066666666666668 446.407439194 10.6310102916 435.776427307
908000 430.150043682 463.572591136 458.379748838 0.8033333333333332 446.435289383 10.6595417261 435.775748215
909000 430.701560623 464.21615662 459.202050762 0.7966666666666669 446.420573044 10.5522048044 435.868368912
910000 430.079440509 463.551296266 458.561009071 0.8033333333333332 446.431324692 10.6543533444 435.776973114
911000 429.756903685 463.271272616 458.218482826 0.8000000000000002 446.495380402 10.7644026375 435.730979309
912000 430.032672126 463.641875983 458.375233864 0.8033333333333335 446.381333771 10.6167150211 435.764618301
913000 430.329628708 463.946977219 458.607136859 0.8033333333333335 446.432391129 10.6266371059 435.805754318
914000 430.182535637 463.784149327 458.349343186 0.8033333333333332 446.408271561 10.6350464487 435.773227234
915000 430.70683974 464.307171239 458.844074991 0.8033333333333335 446.421340561 10.5843953037 435.836945648
916000 430.101846203 463.6599955 458.189672543 0.8066666666666669 446.404687958 10.6556913948 435.748997345
917000 430.222813535 464.027534774 458.577091916 0.8033333333333335 446.436508026 10.6596523976 435.776855011
918000 430.008572655 463.716944416 458.247109329 0.8100000000000002 446.401033173 10.6627440691 435.738288269
919000 429.729076654 463.608891445 458.053641335 0.8033333333333335 446.450353241 10.7342459393 435.71610611
920000 430.026797036 463.660821443 458.271791434 0.8066666666666669 446.472759628 10.7125522637 435.760206375
921000 430.018718557 463.769479377 458.279642539 0.8033333333333335 446.503132401 10.7445295668 435.758600464
